10853.35203274303
10947.868653851421
11324.958492037771
11012.638015379176
11135.09507836073
11011.846107017556
11046.208135820438
10620.660495260352
10970.254381790299
10140.84212096813
11215.990294519588
11595.159386420657
10920.020819655796
9861.9111610205
10318.800345837515
11230.409859592843
9992.75865922093
10119.719216956018
11440.345386606672
11030.679632239073
10567.542602312056
11366.315199755356
10781.80776652337
11849.536827742875
10831.304419195312
10838.238319872069
10306.332419746299
10526.357723962099
9852.61001126808
10805.16583328737
10686.598624387761
10172.226257975477
10787.1539320011
10469.651199822634
10834.365308629502
9966.969588230833
10544.596078173738
10962.911523487475
9108.915427386908
9872.874300245001
9852.163415307108
9911.772132247104
9886.422067170899
9491.14697787658
9972.699189973777
8842.149129042577
9315.938979320465
8289.332791527391
9700.499238742106
9109.577128637087
9111.460748950656
9359.342693974886
9231.716838290964
9329.189327236498
8720.185437093227
9095.071172422133
8552.912685939342
8407.498635121387
8670.363551841347
8782.59291711698
8620.966271106372
8552.051538617685
8249.092822570003
8326.352123423085
8534.400736042606
8525.33999869992
8579.939628157685
8547.062174598546
8868.682566219513
8561.727965264121
8602.912044416043
8037.562983105717
8178.702067885544
7849.43715968202
8113.4434512107155
8277.641513897612
8620.262540865135
8085.654353418106
7871.63967768947
8615.793127536579
8347.956572375764
8435.4422163377
8430.882814061833
8467.196821049862
7681.749965600123
7827.416851887485
7958.283875474527
8454.113671200572
8093.648657807375
8457.47400343855
8332.374113697064
8131.958409707059
8200.25111325428
7914.978810729491
8577.707453212988
7709.006604456742
8195.327929842217
8146.180346833034
8200.659723506527
8293.475865228891
