10217.654724315018
10901.182502178497
11269.976051181886
10737.105140897205
10373.29915788704
10277.854727129463
10433.796125931995
10249.76061938304
10248.9999334751
9060.84968075078
9744.657135852465
9673.782158423453
9423.835411814078
9130.600591000684
9108.269270265773
8613.098891931233
9264.281451756859
8985.295550576064
9334.296117069576
8589.120523569869
8685.37436864683
8743.629394833879
8488.251750245821
8693.669390033841
8252.444448876118
8475.602366412804
8907.767963846218
8611.28184612719
8860.013400826323
8896.710843094173
8348.734580653685
7939.965905286986
8163.87482409895
7952.438936721398
8238.058162084639
8615.936868832021
9084.78067157332
8086.312345600001
8072.3185914375
8399.052580670488
8203.948541038862
8463.645374212369
8120.029626525187
8168.508364777574
8252.6000801508
8221.654453179868
8062.674530006653
8244.60149374896
8143.957955975388
8185.046198169025
8353.185819528184
8265.877400756266
7881.006520353318
8031.682983530463
8136.030013466834
7842.9009448039205
8067.666354069511
8130.776618288616
8059.110571686571
8030.914432337689
7893.886253133181
7963.5477985588495
7969.230356254851
7984.442711811342
7949.441369020545
7955.830318135294
7915.978086705977
8120.5904757010085
8123.7616593385255
8068.300456527936
7988.389764525972
8132.131660807521
7955.598979117381
7985.586914332807
8023.75549663484
8217.162972721924
7935.37592220498
8045.168692048546
7816.922484497321
7764.861023899272
8059.110593197622
7949.38343072572
7949.159264600118
7929.100357911992
7764.861023899271
7757.083667208996
7683.72655417904
7823.907511468418
7664.403581025392
7694.668136656949
7664.4035810253945
7658.72102332939
7658.721023329393
7658.721023329392
7664.403581025391
7658.72102332939
7658.72102332939
7658.721023329389
7658.721023329391
7653.1956298943705
