-0.0013251058106878689
-0.01655393378426487
-0.028677663067125506
-0.04268027372334957
-0.05169890431549386
-0.07537280961987262
-0.0872394288200625
-0.09022586131877695
-0.10041137613227316
-0.10470313674300853
-0.10614690874569833
-0.10889600886040898
-0.11516553933784264
-0.12426328072465487
-0.13375657608480673
-0.144040979391638
-0.1459989715596693
-0.15197183655709826
-0.15343538625845501
-0.15723270440251566
-0.16983109845338398
-0.18929235394169533
-0.20195008108856463
-0.20483762509394404
-0.21937423361417663
-0.2413274791345275
-0.24219769787587472
-0.2557849768600922
-0.26341916854554753
-0.26794826154028684
-0.27121158182033916
-0.27441556900439035
-0.28580752343657273
-0.2915430560499978
-0.3069894387089115
-0.3172936197144095
-0.3317313397413073
-0.3339859973893435
-0.3340453304853444
-0.3356671017760369
-0.35178592618962856
-0.35283414421897824
-0.3561765752936984
-0.36256477196313397
-0.3668763102725363
-0.3696451880859141
-0.3745302796566591
-0.3792571496380681
-0.381610695779439
-0.3902139946995764
-0.3979866302757012
-0.39863929433171125
-0.4039990506704637
-0.4040781614651316
-0.40686681697717636
-0.4072425932518487
-0.41200901863059164
-0.4130770143586089
-0.4160436691586562
-0.41926743404137484
-0.42217475574542146
-0.423677860844111
-0.4248645227641304
-0.42601162928681546
-0.42945294885487006
-0.43067916617222346
-0.4317669395989075
-0.43325026699893093
-0.4364344764843152
-0.4425062299750789
-0.44865709426051054
-0.45134686127921986
-0.4520786361298983
-0.4565286183299694
-0.4605632688580343
-0.460602824255368
-0.460840156639372
-0.4608401566393722
-0.4635694790554149
-0.4640441438234229
-0.46469680787943346
-0.4664965784581287
