644.178050350969
628.8218238480767
613.8332983852952
599.2036672345714
584.9243345984474
570.9869105580447
557.3832061420437
544.1052285137768
531.1451762735869
518.4954348737023
506.1485721429335
494.09733391855326
482.3346397828022
470.8535789015063
459.6474059623666
448.70953721052996
438.033546579113
427.61316191240303
417.4422612795189
407.5148693763626
397.82515401374786
388.36742268964355
379.1361192435137
370.12582059079057
361.3312335355601
352.7471916595889
344.36865228585896
336.1906935148325
328.20851133169964
320.4174167829102
312.8128332203334
305.39029361141934
298.1454379137865
291.0740105126925
284.1718577198767
277.4349253323121
270.85925624942445
264.4409881473836
258.17635120909694
252.06166590857347
246.09334084835274
240.26787064873156
234.58183388754523
229.03189108929274
223.6147827624244
218.32732748364145
213.16642002807527
208.1290295442523
203.21219777277028
198.41303730763957
193.72872989926705
189.15652479808503
184.69373713785217
180.33774635767688
176.0859946618339
171.9359855164697
167.8852821823159
163.93150628254338
160.07233640491637
156.30550673743147
152.6288057366305
149.0400748278096
145.53720713636116
142.11814624949884
138.78088500764258
135.52346432475312
132.34397203691486
129.24054177850238
126.2113518852611
123.2546243236616
120.36862364589433
117.55165596989846
114.80206798381505
112.11824597428665
109.49861487803028
106.94163735612763
104.44581289048412
102.00967690193166
99.63179988945015
97.31078659000995
95.04527515853357
92.83393636750026
90.67547282571978
88.5686182158171
86.51213654998281
84.50482144354532
82.54549540594428
80.63300914868488
78.76624090986778
76.94409579489886
75.16550513298667
73.42942584905352
71.73483985069198
70.08075342980192
68.46619667855985
66.89022291937616
65.35190814850763
63.85035049299229
62.3846696805944
60.954006522442825
59.55752240806323
58.19439881250001
56.863836815250934
55.56505663071509
54.29729714989429
53.05981549306548
51.85188657317271
50.67280266967179
49.5218730125831
48.398423376509776
47.30179568437412
46.231347620649245
45.18645225385355
44.16649766808538
43.17088660338369
42.19903610470201
41.25037717929172
40.324354462288056
39.4204258903098
38.53806238287281
37.67674753143601
36.83597729589374
36.01525970834056
35.214114583927504
34.43207323864507
33.66867821386717
32.923483007489224
32.19605181150891
31.48595925589037
30.792790158564
30.11613928141309
29.455611092106466
28.810819531633214
28.18138778740824
27.56694807180844
26.967141406016115
26.381617409039336
25.810034091783006
25.252057656055733
24.70736229838782
24.175630018549757
23.656550432654974
23.14982059074177
22.65514479872281
22.172234444597148
21.700807828829277
21.240589998786255
20.791312587143608
20.35271365415901
19.924537533724813
19.50653468310979
19.09846153629427
18.700080360825186
18.311159118092057
17.931471326957656
17.560795930647217
17.19891716683009
16.845624440813324
16.500712201769993
16.163979821933577
15.835231478684706
15.514276039464333
15.200926949441037
14.895002121869712
14.596323831075225
14.304718608001476
14.020017138259824
13.742054162620798
13.470668379889666
13.20570235210505
12.947002412013425
12.694418572753824
12.447804439710637
12.207017124473584
11.971917160862127
11.7423684229586
11.518238045106322
11.299396343821211
11.085716741577667
10.877075692414142
10.673352609329296
10.47442979340593
10.280192364642392
10.090528194435073
9.905327839679318
9.724484478450306
9.5478938472212
9.375454179588212
9.207066146462264
9.042632797690121
8.882059505079585
8.725253906784435
8.572125853023707
8.422587353099376
8.276552523685815
8.133937538354541
7.994660578310255
7.858641784304413
7.725803209705241
7.5960687746853175
7.4693642215116345
7.345617070903983
7.2247565794386785
7.106713697974066
6.9914210310692955
6.878812797378865
6.768824790990162
6.661394343693133
6.556460288149584
6.453962921945549
6.35384397250501
6.256046562843496
6.160515178143634
6.067195633128522
5.976035040217724
5.886981778448562
5.79998546313546
5.7149969162623435
5.6319681375822315
5.550852276406722
5.47160360407465
5.394177487076689
5.318530360826647
5.244619704058944
5.172404013840193
5.10184278118022
5.032896467224795
4.965526480020947
4.899695151835026
4.835365717021857
4.772502290414365
4.711069846237342
4.651034197523727
4.592361976024443
4.535020612598417
4.4789783180747635
4.4242040645701355
4.370667567256906
4.318339266564845
4.267190310811133
4.217192539246124
4.168318465503306
4.120541261449314
4.073834741417331
4.0281733468195355
3.9835321311288303
3.9398867452185753
3.897213423053332
3.855488967726616
3.814690737825937
3.7747966341305093
3.735785086624642
3.6976350418224024
3.660325950397499
3.6238377551063854
3.5881508790047154
3.553246213941362
3.519105109332307
3.4857093612011534
3.453041201479785
3.4210832875734702
3.3898186921654885
3.3592308932731716
3.3293037645394046
3.3000215657564063
3.271368933618091
3.2433308726926784
3.2158927466118996
3.1890402694704125
3.162759497431965
3.1370368205389902
3.1118589547121864
3.0872129339481873
3.0630861027002068
3.039466108442653
3.0163408944148102
2.993698692534476
2.971528016485599
2.94981765496914
2.9285566651172363
2.907734366063865
2.8873403326674443
2.867364389389063
2.8477966043134195
2.8286272833125277
2.8098469643524755
2.7914464119332254
2.7734166116634498
2.7557487649651597
2.7384342839042155
2.7214647861464343
2.70483209003188
2.6885282097694088
2.67254535074524
2.6568759049448594
2.6415124464818467
2.6264477272385136
2.611674672606944
2.5971863773325854
2.5829761014598454
2.5690372663715135
2.555363450925482
2.5419483876833153
2.5287859592284674
2.5158701945731416
2.503195265651558
2.4907554838972508
2.478545296901484
2.4665592851516984
2.4547921588490813
2.4432387548039216
2.431894033399404
2.4207530756353015
2.4098110802374086
2.399063360837949
2.3885053432253005
2.378132562655399
2.367940661231625
2.3579253853452755
2.3480825831784906
2.3384082022640733
2.32889828710932
2.319548976871609
2.310356503091358
2.301317187479943
2.292427439760262
2.2836837555581044
2.2750827143453276
2.266620977433425
2.2582952860098526
2.2501024592268464
2.2420393923363005
2.23410305486309
2.2262904888287998
2.218598807015754
2.2110251912703496
2.203566890851588
2.196221220814371
2.188985560434224
2.1818573516699344
2.1748340976615497
2.167913361265544
2.1610927636248465
2.154369982773193
2.1477427522702772
2.141208859875439
2.1347661462476624
2.1284125036780934
2.122145874854232
2.1159642516543196
2.109865673966306
2.1038482285412448
2.097910047868784
2.092049309082913
2.086264232890861
2.080553082532514
2.074914162760829
2.069345818844443
2.0638464356032324
2.0584144364558545
2.053048282498039
2.0477464716003824
2.0425075375256707
2.037330049070709
2.0322126092287975
2.0271538543677807
2.0221524534319832
2.0172071071628737
2.012316547337212
2.0074795360231374
2.002694864854644
1.9979613543253794
1.99327785309484
1.9886432373162855
1.98405640997652
1.9795163002546916
1.9750218628939527
1.9705720775897584
1.9661659483921379
1.9618025031235642
1.9574807928073779
1.953199891114763
1.948958893820023
1.944756918273522
1.940593102883291
1.936466606611316
1.9323766084810607
1.9283223070987026
1.9243029201817112
1.9203176841027374
1.9163658534426835
1.912446700554245
1.9085595151374832
1.9047036038227438
1.9008782897659113
1.8970829122543589
1.8933168263178524
1.889579402352855
1.8858700257553664
1.8821880965606557
1.8785330290937905
1.874904251625873
1.871301206041518
1.8677233475119692
1.8641701441787055
1.860641076838967
1.8571356386482596
1.8536533348201352
1.8501936823383422
1.8467562096767223
1.843340456521473
1.8399459735059476
1.836572321945062
1.8332190735818523
1.8298858103373186
1.8265721240662507
1.823277616320163
1.8200018981135844
1.816744589700043
1.813505320348384
1.8102837281288817
1.807079459700633
1.8038921701071358
1.8007215225755835
1.79756718832054
1.7944288463533287
1.7913061832946529
1.7881988931927033
1.7851066773446895
1.7820292441250558
1.7789663088135605
1.7759175934332028
1.7728828265861227
1.7698617432965267
1.7668540848581338
1.763859598683252
1.7608780381555116
1.7579091624890006
1.7549527365866142
1.7520085309058926
1.7490763213246825
1.7461558890111664
1.7432470202983077
1.7403495065594625
1.7374631440885686
1.7345877339806104
1.7317230820190455
1.7288689985623624
1.7260252984338211
1.723191800816299
1.7203683291472323
1.7175547110163314
1.7147507780664952
1.7119563658974557
1.709171313969629
1.7063954655141238
1.7036286674388004
1.7008707702448964
1.6981216279374927
1.6953810979427972
1.6926490410266455
1.68992532121379
1.6872098057114608
1.68450236483219
1.6818028719182667
1.6791112032718676
1.6764272380816592
1.6737508583553087
1.6710819488529207
1.6684203970196645
1.6657660929204678
1.6631189291810835
1.660478800922227
1.6578456057029727
1.6552192434627062
1.6525996164620338
1.6499866292282768
1.6473801885029928
1.6447802031853156
1.6421865842846493
1.6395992448664831
1.6370181000047843
1.6344430667341103
1.6318740640032683
1.6293110126281456
1.6267538352488118
1.6242024562835908
1.6216568018885509
1.6191167999146066
1.6165823798692132
1.6140534728737905
1.6115300116273787
1.6090119303668011
1.6064991648331675
1.603991652232109
1.6014893312025746
1.59899214177976
1.5965000253624204
1.5940129246809387
1.5915307837648536
1.589053547912123
1.5865811636596354
1.5841135787511784
1.5816507421119619
1.5791926038177317
1.5767391150676122
1.5742902281591582
1.571845896460494
1.569406074384477
1.5669707173644891
1.5645397818305096
1.5621132251849175
1.559691005778495
1.5572730828888255
1.5548594166975844
1.5524499682693227
1.5500446995303463
1.5476435732481413
1.5452465530104473
1.5428536032076452
1.5404646890118192
1.5380797763583867
1.5356988319284075
1.5333218231315762
1.530948718086857
1.5285794856071213
1.5262140951815288
1.5238525169602317
1.5214947217390753
1.519140680943588
1.51679036661234
1.5144437513852362
1.512100808486633
1.509761511714879
1.5074258354240841
1.5050937545143843
1.5027652444171489
1.500440281083908
1.4981188409721402
1.4958009010346256
1.4934864387066775
1.4911754318957535
1.4888678589688609
1.4865636987427204
1.4842629304725934
1.4819655338430255
1.4796714889548332
1.4773807763178164
1.4750933768402636
1.472809271819525
1.4705284429315353
1.4682508722249623
1.4659765421080637
1.4637054353444614
1.4614375350419273
1.4591728246441447
1.4569112879248212
1.454652908977677
1.452397672209726
1.4501455623348782
1.4478965643650201
1.4456506636036695
1.443407845638078
1.4411680963355264
1.438931401833012
1.4366977485323744
1.4344671230950956
1.4322395124341023
1.4300149037103536
1.4277932843235326
1.4255746419102668
1.4233589643350961
1.4211462396881838
1.4189364562770295
1.4167296026234402
1.4145256674578195
1.4123246397140732
1.4101265085246215
1.4079312632158447
1.4057388933049997
1.4035493884929289
1.401362738662085
1.399178933871415
1.3969979643517565
1.3948198205025957
1.3926444928871682
1.3904719722293009
1.3883022494103616
1.3861353154641893
1.3839711615738453
1.381809779068515
1.3796511594192369
1.377495294237038
1.375342175268957
1.3731917943940464
1.3710441436211291
1.3688992150860253
1.3667570010473398
1.3646174938851225
1.362480686096791
1.3603465702956585
1.3582151392071218
1.3560863856662828
1.3539603026156515
1.351836883101862
1.349716120275049
1.3475980073843634
1.3454825377773112
1.3433697048963813
1.3412595022775102
1.3391519235471723
1.3370469624211032
1.3349446127017521
1.3328448682768417
1.3307477231162341
1.328653171271053
1.3265612068712156
1.3244718241243998
1.3223850173140073
1.3203007807962095
1.318219108999545
1.3161399964232103
1.314063437635717
1.3119894272718677
1.3099179600326152
1.3078490306827022
1.305782634049495
1.3037187650222095
1.301657418549873
1.299598589639385
1.2975422733552482
1.295488464817708
1.2934371592020737
1.291388351735724
1.2893420376994809
1.2872982124250134
1.2852568712933818
1.2832180097347905
1.2811816232263924
1.2791477072922772
1.2771162575014952
1.2750872694687931
1.273060738851437
1.2710366613491728
1.2690150327039418
1.2669958486971988
1.2649791051511432
1.2629647979258607
1.2609529229206338
1.2589434760712446
1.2569364533493999
1.2549318507628349
1.2529296643532928
1.2509298901979427
1.2489325244056406
1.2469375631185375
1.244945002510443
1.242954838786666
1.2409670681814586
1.2389816869601518
1.2369986914167406
1.2350180778744528
1.2330398426830382
1.2310639822203293
1.2290904928906148
1.2271193711240316
1.2251506133768224
1.2231842161300457
1.221220175888838
1.2192584891824167
1.2172991525638333
1.2153421626093834
1.2133875159164167
1.2114352091056508
1.2094852388185924
1.2075376017175903
1.2055922944871988
1.2036493138302586
1.20170865647037
1.1997703191503568
1.197834298632292
1.1959005916961472
1.1939691951410887
1.1920401057831858
1.19011332045637
1.1881888360119106
1.186266649318065
1.1843467572592137
1.1824291567346958
1.1805138446617454
1.1786008179722733
1.1766900736131913
1.1747816085455063
1.172875419746703
1.1709715042069906
1.1690698589311195
1.1671704809375045
1.1652733672584827
1.1633785149393971
1.1614859210377144
1.1595955826252395
1.1577074967853882
1.1558216606132619
1.15393807121719
1.152056725717458
1.1501776212438979
1.1483007549395507
1.1464261239578595
1.144553725463814
1.1426835566325355
1.140815614650648
1.1389498967145077
1.137086400029705
1.1352251218139284
1.1333660592930186
1.1315092097031347
1.1296545702899765
1.1278021383084016
1.1259519110232397
1.1241038857061612
1.1222580596407052
1.1204144301164232
1.118572994432979
1.116733749898775
1.1148966938288245
1.1130618235479566
1.1112291363881561
1.1093986296893732
1.1075703007996225
1.1057441470738087
1.1039201658756936
1.1020983545750433
1.1002787105495715
1.0984612311842104
1.0966459138710047
1.0948327560092843
1.0930217550039911
1.0912129082678161
1.0894062132202817
1.0876016672861772
1.0857992678986186
1.083999012495485
1.0822008985223337
1.08040492342933
1.078611084673537
1.0768193797183274
1.0750298060324197
1.073242361090716
1.0714570423742376
1.0696738473690073
1.0678927735666397
1.0661138184652268
1.0643369795675084
1.062562254382466
1.0607896404227084
1.0590191352076346
1.0572507362612207
1.055484441113161
1.05372024729715
1.0519581523531167
1.0501981538251823
1.0484402492628075
1.0466844362198784
1.0449307122550122
1.0431790749321364
1.0414295218198872
1.0396820504904691
1.0379366585218865
1.0361933434950985
1.0344521029972364
1.0327129346195667
1.0309758359567391
1.0292408046080253
1.0275078381780935
1.0257769342748873
1.024048090510822
1.0223213045019803
1.0205965738694038
1.0188738962367614
1.0171532692339125
1.0154346904928993
1.0137181576508927
1.0120036683488571
1.0102912202305356
1.0085808109443661
1.00687243814314
1.0051660994822615
1.0034617926227032
1.0017595152269059
1.0000592649620317
0.9983610394990379
0.9966648365123922
0.9949706536811385
0.9932784886864807
0.9915883392134286
0.9899002029511621
0.9882140775913903
0.9865299608302225
0.9848478503672333
0.983167743904644
0.9814896391487795
0.9798135338090828
0.9781394255980409
0.9764673122320553
0.9747971914309232
0.9731290609172567
0.9714629184165258
0.9697987616576729
0.968136588373564
0.9664763962997216
0.9648181831752334
0.9631619467426891
0.961507684745929
0.959855394934376
0.9582050750588227
0.9565567228738123
0.954910336137226
0.9532659126091674
0.9516234500536065
0.9499829462376854
0.9483443989298639
0.9467078059037859
0.945073164934966
0.9434404738016702
0.9418097302859603
0.9401809321719599
0.9385540772474785
0.9369291633022105
0.9353061881297804
0.9336851495262231
0.9320660452907279
0.9304488732246443
0.9288336311326364
0.9272203168224338
0.9256089281044133
0.9239994627914081
0.9223919186990894
0.9207862936467297
0.919182585455093
0.9175807919490615
0.9159809109550481
0.9143829403030526
0.9127868778250945
0.9111927213568207
0.9096004687353578
0.9080101178016182
0.9064216663983391
0.9048351123714995
0.9032504535702666
0.9016676878454777
0.9000868130504718
0.8985078270423599
0.8969307276800871
0.8953555128256223
0.8937821803427584
0.8922107280983926
0.8906411539627408
0.8890734558068529
0.8875076315065402
0.8859436789386632
0.8843815959829144
0.8828213805218552
0.8812630304404463
0.8797065436259861
0.8781519179685309
0.876599151360931
0.8750482416977534
0.873499186877416
0.8719519847990953
0.8704066333657345
0.868863130482318
0.8673214740566104
0.8657816619991645
0.86424369222199
0.8627075626402929
0.861173271170852
0.8596408157340383
0.8581101942525109
0.8565814046508309
0.8550544448564663
0.8535293127989045
0.8520060064099972
0.8504845236246603
0.8489648623795216
0.8474470206146516
0.8459309962713877
0.8444167872939912
0.8429043916289838
0.8413938072255371
0.8398850320349158
0.8383780640108038
0.836872901109087
0.8353695412886992
0.8338679825101392
0.8323682227369509
0.830870259935387
0.8293740920719421
0.8278797171173098
0.8263871330438275
0.8248963378268472
0.823407329444326
0.8219201058751118
0.8204346651015926
0.8189510051079298
0.8174691238800778
0.8159890194078421
0.8145106896818564
0.813034132695821
0.8115593464459923
0.8100863289297981
0.8086150781482369
0.8071455921034731
0.805677868800823
0.8042119062473017
0.802747702452451
0.8012852554284149
0.7998245631891301
0.7983656237502985
0.7969084351313254
0.7954529953533762
0.7939993024393988
0.7925473544144577
0.7910971493062258
0.7896486851439977
0.7882019599608179
0.7867569717909886
0.785313718669975
0.7838721986380635
0.7824324097355047
0.7809943500051308
0.7795580174931822
0.7781234102473116
0.7766905263175303
0.7752593637557026
0.773829920616318
0.7724021949559394
0.7709761848327252
0.7695518883080172
0.7681293034450927
0.7667084283086636
0.7652892609670148
0.763871799490015
0.7624560419485773
0.761041986417573
0.7596296309726469
0.7582189736925735
0.756810012657779
0.7554027459510864
0.7539971716572316
0.7525932878634736
0.7511910926587793
0.7497905841349186
0.7483917603851946
0.7469946195056387
0.7455991595932048
0.7442053787484006
0.7428132750734608
0.7414228466732515
0.7400340916527197
0.7386470081216507
0.7372615941896039
0.7358778479697228
0.7344957675772932
0.733115351128975
0.7317365967436769
0.7303595025435046
0.7289840666513152
0.7276102871927557
0.7262381622944014
0.724867690086938
0.7234988687016859
0.7221316962732045
0.7207661709369861
0.7194022908313609
0.718040054095729
0.716679458873374
0.7153205033080474
0.7139631855459925
0.7126075037361925
0.7112534560285177
0.7099010405761796
0.7085502555344863
0.7072010990595619
0.7058535693102042
0.7045076644471733
0.7031633826342696
0.7018207220355528
0.7004796808185856
0.6991402571529339
0.6978024492092971
0.6964662551607836
0.6951316731828077
0.6937987014528084
0.6924673381509501
0.6911375814577694
0.6898094295573372
0.6884828806345564
0.6871579328773882
0.6858345844753972
0.6845128336202073
