18.605288370310564
18.217583798014985
17.844110959575286
17.488556516110492
17.152214935358458
16.834891652779493
16.53554972472456
16.25274083749947
15.984875301121892
15.730380546217093
15.487786546833998
15.255765518637645
15.033144299575186
14.818901302958777
14.612155463517963
14.412151654091181
14.218245170690077
14.029886713006986
13.846608576372255
13.668012351370274
13.493758188649139
13.32355555834492
13.157155371515014
12.994343307391398
12.834934188185855
12.678767252380707
12.525702191877393
12.375615834574134
12.228399369990262
12.08395603046787
11.942199153832414
11.803050565062305
11.666439224555145
11.532300099117123
11.400573219013676
11.271202890473758
11.144137038109648
11.019326655942905
10.896725349254938
10.776288952416113
10.657975210293182
10.541743512869749
10.427554674409961
10.315370749908597
10.205154882748321
10.096871178468694
9.990484600372557
9.885960883382497
9.783266463134938
9.682368417781243
9.583234420369177
9.485832700017445
9.390132010380873
9.296101604143608
9.203711212479785
9.112931028590566
9.023731694570202
8.936084290974643
8.849960328567397
8.765331741804903
8.682170883694639
8.600450521721985
8.520143834592764
8.441224409582379
8.363666240319711
8.287443724864369
8.212531663962825
8.13890525939044
8.066540112305432
7.995412221556067
7.925497981895559
7.856774182069878
7.789218002753231
7.722807014312646
7.657519174390322
7.593332825296652
7.530226691211695
7.4681798751955775
7.407171856011803
7.34718248476873
7.2881919813871034
7.230180930901902
7.1731302796082685
7.11702133106183
7.061835741944189
7.0075555178042235
6.954163008686842
6.901640904659521
6.849972231247963
6.799140344791319
6.7491289277274005
6.69992198381777
6.651503833322392
6.6038591081332045
6.556972746874839
6.510829989981647
6.4654163747581865
6.420717730430901
6.3767201731981045
6.333410101284531
6.29077419000672
6.248799386855073
6.20747290659756
6.166782226410191
6.126715081038802
6.087259457996227
6.048403592798624
6.0101359642446015
5.9724452897401985
5.935320520672621
5.898750837835383
5.862725646907039
5.827234573985936
5.792267461182202
5.757814362269358
5.72386553839622
5.690411453860972
5.657442771947956
5.6249503508281995
5.592925239524551
5.561358673941676
5.530242072961583
5.499567034604751
5.4693253322573305
5.439508910964162
5.410109883787645
5.3811205282326275
5.352533282736539
5.324340743224955
5.296535659732168
5.2691109330859485
5.242059611656365
5.215374888168107
5.1890500965755155
5.163078708999776
5.1374543327276205
5.112170707270836
5.087221701485687
5.062601310751642
5.038303654208489
5.0143229720511435
4.99065362288111
4.967290081113905
4.944226934441543
4.92145888134923
4.8989807286850855
4.876787389282572
4.854873879634255
4.833235317615939
4.811866920260887
4.790764001582399
4.769921970444599
4.749336328479948
4.729002668052933
4.708916670268952
4.689074103027477
4.669470819118683
4.65010275436259
4.630965925789936
4.61205642986398
4.59337044074211
4.574904208576896
4.556654057855236
4.538616385775446
4.5207876606605915
4.503164420408197
4.485743270975002
4.468520884896154
4.451493999838093
4.434659417184438
4.418014000653868
4.401554674949928
4.385278424441214
4.369182291871914
4.353263377101757
4.337518835874742
4.321945878615896
4.306541769255691
4.291303824081224
4.276229410613752
4.261315946511551
4.246560898498424
4.231961781316176
4.217516156701279
4.203221632384745
4.189075861115063
4.175076539703196
4.161221408089435
4.147508248431705
4.133934884214323
4.120499179377305
4.107199037465444
4.094032400796665
4.080997249649367
4.068091601468118
4.055313510087529
4.042661064973564
4.030132390482147
4.017725645134536
4.005439020908938
3.9932707425484586
3.9812190668843317
3.969282282174539
3.957458707457311
3.945746691919259
3.93414461427753
3.922650882175961
3.911263931594738
3.899982226273221
3.8888042571457824
3.8777285417901344
3.8667536238879268
3.8558780726976325
3.8451004825387303
3.8344194722876797
3.8238336848850234
3.813341786853186
3.8029424678252255
3.7926344400838365
3.7824164381105025
3.772287218144639
3.762245557752523
3.752290255405345
3.742420130066855
3.732634020789888
3.722930786321808
3.7133093047182655
3.7037684729657783
3.694307206612173
3.684924439405248
3.675619122939164
3.666390226308516
3.657236735769894
3.6481576544107064
3.639152001825146
3.6302188137970637
3.621357141989748
3.612566053642277
3.6038446312723424
3.595191972385432
3.5866071891902176
3.578089408319955
3.5696377705598046
3.5612514305800205
3.55292955667456
3.5446713305054036
3.536475946852215
3.5283426133671743
3.5202705503350447
3.5122589904382693
3.504307178526823
3.4964143713930373
3.4885798375511334
3.48080285702116
3.4730827211174318
3.4654187322415626
3.4578102036795126
3.450256459403031
3.442756833874923
3.4353106718586277
3.427917328231431
3.420576167801631
3.413286565129436
3.406047904351451
3.3988595790087444
3.3917209918784534
3.3846315548087476
3.3775906885570874
3.370597822631843
3.363652395137066
3.3567538526202743
3.3499016499234795
3.343095250036967
3.3363341239561923
3.329617750541372
3.3229456163800224
3.3163172156520533
3.3097320499976206
3.303189628387644
3.2966894669966877
3.290231089078635
3.283814024844402
3.2774378113424425
3.2711019923413884
3.2648061182149517
3.258549745829172
3.2523324384317025
3.2461537655434736
3.240013302852202
3.23391063210809
3.227845341021544
3.2218170231627856
3.2158252778634226
3.209869710119904
3.20394993049881
3.198065555043937
3.1922162051851806
3.186401507649142
3.1806210943713205
3.174874602410112
3.169161673862407
3.163481955780658
3.157835100091569
3.152220763516439
3.1466386074927133
3.141088298097277
3.135569505970981
3.1300819062446283
3.124625178466411
3.119199006530562
3.1138030786073547
3.1084370870744897
3.103100728449623
3.0977937033241587
3.092515716298275
3.087266475917127
3.082045694608226
3.0768530886199064
3.0716883779609243
3.066551286341232
3.0614415411136737
3.056358873216891
3.0513030171190816
3.04627371076288
3.0412706955113054
3.0362937160943626
3.0313425205570326
3.026416860207754
3.0215164895681723
3.0166411663234567
3.0117906512739174
3.0069647082868807
3.002163104250097
2.9973856090253728
2.9926319954033507
2.9879020390590187
2.9831955185078693
2.9785122150629686
2.9738519127927963
2.969214398479613
2.964599461578695
2.960006894178334
2.955436490960349
2.95088804916137
2.946361368534915
2.941856251313747
2.937372502173332
2.932909928195574
2.9284683388332753
2.924047545875314
2.9196473634122446
2.9152676078024937
2.9109080976392843
2.9065686537178523
2.9022490990035275
2.8979492586001574
2.8936689597189567
2.889408031648198
2.8851663057230357
2.8809436152961694
2.876739795708715
2.8725546842616807
2.8683881201880665
2.8642399446250484
2.860110000587071
2.8559981329388493
2.8519041883693848
2.8478280153660536
2.8437694641890774
2.8397283868466303
2.8357046370702768
2.831698070290743
2.82770854361406
2.8237359157981476
2.819780047229882
2.8158407999022965
2.811918037392325
2.808011624838895
2.8041214289211434
2.800247317837363
2.796389161284031
2.7925468304351595
2.7887201979220366
2.784909137813322
2.7811135255953943
2.777333238153006
2.7735681537503623
2.769818152012249
2.7660831139057778
2.762362921722053
2.7586574590584876
2.7549666108010817
2.7512902631072635
2.7476283033887396
2.743980620294665
2.7403471036953344
2.7367276446657143
2.733122135469518
2.7295304695435068
2.725952541481691
2.7223882470203766
2.718837483022921
2.715300147464914
2.711776139419617
2.708265359043544
2.7047677075622945
2.701283087256679
2.6978114014488974
2.6943525544889875
2.690906451741507
2.6874729995725097
2.6840521053364306
2.6806436773635247
2.677247624947111
2.673863858331321
2.670492288698985
2.667132828159412
2.6637853897368435
2.660449887358577
2.6571262358435352
2.6538143508909697
2.650514149069375
2.6472255478053976
2.643948465373067
2.640682820883129
2.6374285342725003
2.6341855262939813
2.6309537185059044
2.627733033262286
2.6245233937027734
2.6213247237427453
2.618136948064017
2.614959992105028
2.611793782051625
2.6086382448278416
2.6054933080867295
2.602358900201484
2.599234950256568
2.596121388039001
2.593018144029714
2.5899251493952145
2.5868423359791017
2.5837696362939355
2.580706983513031
2.5776543114625032
2.57461155461355
2.5715786480742913
2.568555527582418
2.5655421294975103
2.5625383907936166
2.559544249051885
2.5565596424532484
2.5535845097714813
2.5506187903658404
2.547662424174273
2.5447153517066647
2.5417775140378787
2.5388488528011517
2.5359293101815057
2.5330188289093316
2.53011735225396
2.5272248240172153
2.5243411885272815
2.5214663906326087
2.5186003756957445
2.515743089587448
2.512894478680772
2.510054489845074
2.507223070440609
2.504400168312483
2.501585731785342
2.498779709657773
2.4959820511968127
2.4931927061325894
2.490411624653179
2.4876387573991243
2.484874055458436
2.482117470361497
2.4793689540759765
2.4766284590019705
2.473895937967007
2.4711713442212195
2.468454631432667
2.4657457536826093
2.4630446654608864
2.460351321661224
2.457665677576802
2.454987688895825
2.4523173116970316
2.4496545024454313
2.44699921798797
2.444351415549284
2.441711052727549
2.4390780874903712
2.436452478170668
2.433834183462659
2.431223162417958
2.428619374441531
2.4260227792879214
2.42343333705747
2.420851008192388
2.418275753473204
2.415707534014979
2.4131463112637355
2.4105920469928215
2.4080447032994594
2.4055042426011743
2.4029706276323815
2.400443821440884
2.397923787384726
2.395410489128604
2.3929038906408495
2.3904039561899397
2.3879106503415652
2.385423937955231
2.382943784181216
2.3804701544575986
2.378003014507084
2.375542330334045
2.373088068221559
2.3706401947284417
2.3681986766864367
2.365763481197234
2.363334575629729
2.360911927617258
2.3584955050547554
2.3560852760960915
2.3536812091513406
2.351283272884207
2.3488914362092816
2.34650566828955
2.344125938533839
2.3417522165940836
2.3393844723631454
2.3370226759721033
2.334666797787896
2.332316808410972
2.329972678672741
2.327634379633397
2.325301882579542
2.322975159021831
2.320654180692679
2.3183389195441424
2.3160293477456313
2.313725437681775
2.311427161950118
2.30913449335917
2.3068474049261027
2.304565869874725
2.302289861633585
2.300019353833645
2.2977543203065713
2.295494735082533
2.293240572388185
2.290991806644882
2.288748412466712
2.2865103646586515
2.2842776382145074
2.282050208315191
2.2798280503269286
2.2776111397993124
2.2753994524635415
2.2731929642307502
2.270991651190167
2.2687954896074136
2.266604455922814
2.2644185267496137
2.262237678872359
2.2600618892452857
2.257891134990664
2.255725393397126
2.253564641918097
2.2514088581703207
2.2492580199321255
2.2471121051419103
2.2449710918967565
2.24283495845079
2.240703683213754
2.2385772447494396
2.236455621774422
2.2343387931563186
2.2322267379126837
2.2301194352093643
2.2280168643591907
2.225919004820584
2.2238258361963097
2.2217373382319066
2.219653490814529
2.2175742739715263
2.2154996678692216
2.213429652811511
2.211364209238771
2.2093033177263908
2.2072469589836516
2.2051951138524326
2.2031477633060788
2.2011048884480715
2.1990664705109526
2.197032490855037
2.1950029309672723
2.1929777724601554
2.1909569970705562
2.1889405866585676
2.1869285232062783
2.184920788816952
2.182917365713637
2.1809182362382993
2.1789233828505234
2.176932788126792
2.174946434759074
2.1729643055540184
2.1709863834318814
2.1690126514254082
2.1670430926790636
2.1650776904477724
2.1631164280960737
2.1611592890972067
2.15920625703193
2.1572573155878962
2.155312448558398
2.153371639841702
2.151434873439827
2.149502133457953
2.147573404103279
2.1456486696842827
2.1437279146097037
2.1418111233878108
2.139898280625445
2.13798937102721
2.1360843793945485
2.13418329062498
2.1322860897112625
2.1303927617405822
2.128503291893707
2.126617665444154
2.1247358677575336
2.122857884290585
2.1209837005904935
2.119113302294056
2.117246675127129
2.1153838049035976
2.113524677524709
2.1116692789784737
2.1098175953387717
2.107969612764635
2.106125317499684
2.1042846958712116
2.1024477342896843
2.1006144192478713
2.0987847373202504
2.096958675162326
2.0951362195098744
2.0933173571784596
2.0915020750625097
2.0896903601348917
2.0878821994461303
2.086077580123864
2.08427648937213
2.0824789144707343
2.0806848427746987
2.078894261713599
2.07710715879094
2.075323521583611
2.0735433377412726
2.071766594985648
2.069993281110149
2.068223383979144
2.066456891527328
2.0646937917593444
2.0629340727491585
2.061177722639328
2.0594247296407358
2.057675082031807
2.0559287681580476
2.054185776431611
2.0524460953306125
2.0507097133986627
2.0489766192443692
2.047246801540789
2.04552024902494
2.043796950497278
2.04207689482129
2.0403600709227634
2.038646467789569
2.0369360744710194
2.0352288800774048
2.033524873779567
2.031824044808362
2.0301263824542235
2.0284318760667364
2.0267405150541284
2.02505228888284
2.0233671870770387
2.021685199218147
2.020006314944647
2.0183305239512457
2.0166578159886925
2.0149881808633827
2.0133216084368124
2.0116580886251354
2.009997611398923
2.0083401667825718
2.0066857448539808
2.0050343357441536
2.0033859296366825
2.0017405167675077
2.0000980874244467
1.998458631946836
1.9968221407250932
1.9951886042003462
1.9935580128640535
1.991930357257719
1.9903056279723756
1.988683815648313
1.9870649109746858
1.985448904689162
1.9838357875775183
1.9822255504733464
1.9806181842576667
1.9790136798585958
1.9774120282509584
1.9758132204559975
1.9742172475410023
1.9726241006190048
1.9710337708484162
1.9694462494327332
1.967861527620093
1.9662795967031061
1.9647004480185346
1.9631240729467871
1.9615504629117793
1.9599796093805746
1.9584115038630234
1.9568461379115643
1.9552835031207987
1.9537235911272066
1.9521663936089884
1.9506119022856097
1.9490601089175688
1.9475110053061095
1.9459645832928938
1.944420834759755
1.9428797516284142
1.9413413258602572
1.9398055494558846
1.9382724144549743
1.9367419129359622
1.9352140370158393
1.933688778849751
1.932166130630863
1.9306460845900504
1.9291286329955397
1.9276137681528542
1.9261014824044123
1.9245917681291989
1.9230846177427536
1.9215800236966945
1.9200779784786297
1.9185784746117733
1.9170815046547693
1.9155870612014956
1.9140951368807344
1.9126057243559993
1.9111188163252257
1.9096344055206311
1.9081524847084952
1.9066730466888293
1.90519608429518
1.903721590394395
1.9022495578864569
1.9007799797042573
1.89931284881337
1.8978481582117037
1.8963859009294388
1.8949260700288244
1.893468658603875
1.8920136597801842
1.8905610667147017
1.8891108725955967
1.887663070642009
1.8862176541038531
1.8847746162615024
1.883333950425813
1.8818956499377193
1.8804597081682188
1.879026118517945
1.8775948744172462
1.8761659693257862
1.874739396732414
1.8733151501550087
1.8718932231403014
1.8704736092635876
1.8690563021286577
1.8676412953675312
1.8662285826403688
1.8648181576351552
1.8634100140676866
1.8620041456812815
1.8606005462466781
1.859199209561688
1.8578001294512922
1.8564032997672002
1.855008714387929
1.8536163672184087
1.8522262521900135
1.850838363260276
1.849452694412797
1.848069239656936
1.8466879930278022
1.8453089485860625
1.8439321004177505
1.8425574426341242
1.8411849693714777
1.8398146747910606
1.8384465530788672
1.8370805984454792
1.8357168051259667
1.8343551673796488
1.832995679490048
1.8316383357646748
1.8302831305348484
1.8289300581557162
1.8275791130058934
1.8262302894874298
1.8248835820257319
1.8235389850692876
1.8221964930896122
1.8208561005810484
1.8195178020607066
1.8181815920682929
1.816847465165961
1.8155154159380849
1.8141854389913428
1.812857528954455
1.8115316804780741
1.8102078882345642
1.8088861469180684
1.8075664512440897
1.8062487959497995
1.8049331757933709
1.8036195855543085
1.8023080200330888
1.8009984740511367
1.7996909424505778
1.7983854200942784
1.7970819018656299
1.795780382668432
1.7944808574268252
1.7931833210850945
1.7918877686076016
1.790594194978677
1.7893025952025123
1.7880129643029434
1.7867252973235053
1.7854395893271369
1.7841558353962401
1.782874030632453
1.7815941701565874
1.7803162491085467
1.7790402626471211
1.7777662059499533
1.77649407421349
1.7752238626527161
1.773955566501185
1.772689181010802
1.7714247014518738
1.7701621231128677
1.768901441300354
1.767642651338865
1.7663857485709573
1.7651307283569206
1.7638775860747606
1.7626263171200363
1.761376916905953
1.7601293808629896
1.7588837044390253
1.7576398830990896
1.7563979123254083
1.7551577876171982
1.7539195044906117
1.7526830584786948
1.7514484451311887
1.750215660014501
1.7489846987116635
1.7477555568221435
1.7465282299617897
1.745302713762755
1.7440790038734286
1.7428570959583176
1.7416369856979952
1.7404186687889538
1.7392021409435325
1.7379873978898506
1.7367744353718413
1.7355632491489124
1.7343538349959986
1.7331461887036066
1.7319403060774938
1.730736182938722
1.7295338151235842
1.7283331984835202
1.7271343288849377
1.725937202209221
1.7247418143526716
1.7235481612263588
1.722356238756179
1.721166042882596
1.7199775695605588
1.7187908147596447
1.7176057744638207
1.7164224446714145
1.715240821395005
1.7140609006613594
1.7128826785113502
1.7117061510000249
1.7105313141962883
1.7093581641829276
1.7081866970566146
1.7070169089278566
1.7058487959207531
1.704682354173094
1.7035175798361843
1.702354469074803
1.701193018067176
1.7000332230049422
1.698875080092888
1.6977185855490617
1.6965637356047114
1.6954105265040695
1.6942589545045195
1.693109015876318
1.691960706902573
1.690814023879239
1.6896689631150532
1.6885255209314678
1.6873836936624393
1.6862434776546447
1.6851048692671757
1.6839678648715555
1.6828324608516878
1.6816986536038887
1.6805664395366777
1.6794358150707542
1.6783067766389155
1.6771793206861358
1.6760534436693182
1.6749291420574173
1.6738064123312
1.6726852509833527
1.671565654518311
1.670447619452212
1.6693311423128967
1.6682162196398056
1.6671028479839818
1.6659910239079185
1.6648807439856084
1.6637720048023805
1.6626648029549644
1.661559135051339
1.6604549977106635
1.6593523875633889
1.658251301250969
1.6571517354260417
1.6560536867521465
1.654957151903878
1.6538621275667202
1.652768610436929
1.6516765972217597
1.6505860846390612
1.6494970694174456
1.6484095482962176
1.6473235180252424
1.6462389753649251
1.6451559170863017
1.6440743399706796
1.6429942408099443
1.641915616406238
1.6408384635720403
1.6397627791301754
1.6386885599135643
1.6376158027653844
1.6365445045389264
1.6354746620975387
1.6344062723145933
1.6333393320734653
1.632273838267454
1.6312097877998275
1.6301471775835794
1.6290860045415707
1.6280262656064817
1.6269679577205887
1.6259110778359256
1.6248556229140603
1.6238015899262823
1.6227489758532985
1.6216977776853763
1.6206479924222221
1.6195996170729319
1.6185526486560684
1.6175070841993588
