16.563124718977548
16.135900465200493
15.719277946766432
15.313838920211666
14.919884332357325
14.537506193495531
14.166644735989642
13.807132903845446
13.458730324213496
13.121148789693656
12.794071043413618
12.477164380582849
12.170090304282274
11.872511222707146
11.584094959724094
11.304517672318568
11.033465624917671
10.770636157337965
10.51573809530747
10.268491785380542
10.028628885357472
9.795892003439272
9.570034251339877
9.350818756083932
9.138018160383792
8.931414130877565
8.730796886022851
8.535964750243037
8.346723737390462
8.162887164253183
7.984275293346695
7.8107150033422315
7.642039485004739
7.478087960313415
7.318705422417709
7.1637423941762925
7.01305470318705
6.8665032714105445
6.723953917696075
6.585277171724227
6.4503480980735315
6.319046129297767
6.191254907060524
6.066862130515836
5.945759411247339
5.8278421341846744
5.713009324007352
5.601163516622411
5.492210635367209
5.386059871642088
5.282623569721918
5.18181711553227
5.083558829205247
4.987769861254421
4.894374092227604
4.803298035711787
4.714470744576884
4.627823720354815
4.543290825658008
4.460808199547845
4.380314175767873
4.301749203760601
4.2250557723895295
4.150178336290558
4.077063244778407
4.005658673235636
3.935914556912932
3.867782527070559
3.801215849391899
3.7361693646010754
3.6725994312175643
3.610463870381823
3.54972191268703
3.490334146952739
3.4322624708778657
3.37547004351127
3.3199212394795463
3.2655816049125788
3.21241781500928
3.1603976331866033
3.109489871756661
3.0596643540781745
3.0108918781296405
2.963144181453197
2.916393907419434
2.8706145727651617
2.8257805363569872
2.781866969135701
2.738849825197034
2.6967058139666227
2.6554123734278052
2.6149476443622817
2.57529044556538
2.5364202499985797
2.498317161843349
2.460961894421899
2.4243357489511523
2.388420594097896
2.3531988463041196
2.318653450852511
2.284767863643439
2.251526033655712
2.2189123860643623
2.186911805989923
2.1555096228544945
2.1246915953209324
2.0944438967920522
2.0647531014485425
2.035606170803905
2.006990440756481
1.9788936091192284
1.9513037236083366
1.9242091702728539
1.897598662348103
1.8714612295163449
1.8457862075590028
1.820563228384763
1.7957822104192687
1.7714333493423642
1.7475071091592773
1.7239942135927244
1.700885637783803
1.678172600289504
1.6558465553654675
1.633899185522974
1.6123223943498062
1.5911082995845418
1.5702492264350059
1.5497377011310056
1.5295664447029451
1.5097283669774286
1.4902165607816311
1.4710242963487223
1.4521450159164297
1.4335723285118194
1.41530000491494
1.3973219727949404
1.3796323120118743
1.362225250078398
1.3450951577749801
1.3282365449132953
1.3116440562420673
1.2953124674901668
1.2792366815419856
1.2634117247401324
1.247832743310759
1.2324949999071175
1.2173938702670566
1.202524839980188
1.1878835013608686
1.1734655504231524
1.159266783953932
1.1452830966809213
1.1315104785319021
1.1179450119821697
1.1045828694868076
1.0914203109948881
1.0784536815428807
1.0656794089241013
1.0530940014318237
1.040694045673266
1.0284762044522862
1.0164372147178857
1.0045738855768498
0.9928830963677022
0.9813617947942401
0.9700069951165234
0.9588157763973193
0.9477852808019609
0.936912711950124
0.926195333317392
0.9156304666852695
0.9052154906376212
0.8949478391023707
0.8848249999366948
0.8748445135542299
0.865003971593059
0.855301015623065
0.8457333358912608
0.8362986701038068
0.8269948022438522
0.8178195614234748
0.8087708207691425
0.7998464963391774
0.7910445460724698
0.7823629687672689
0.773799803089239
0.7653531266074816
0.7570210548582328
0.7488017404346465
0.7406933721023999
0.7326941739400218
0.724802404503188
0.7170163560122768
0.7093343535624936
0.7017547543556066
0.6942759469530829
0.6868963505494831
0.6796144142657268
0.6724286164616131
0.6653374640669276
0.6583394919305708
0.6514332621872906
0.6446173636411989
0.6378904111659923
0.6312510451207688
0.6246979307816027
0.6182297577880278
0.6118452396040187
0.6055431129931114
0.5993221375071794
0.5931810949886218
0.5871187890852261
0.5811340447777369
0.5752257079194717
0.5693926447877253
0.5636337416465511
0.5579479043208019
0.5523340577807929
0.546791145737543
0.5413181302481351
0.5359139913308932
0.5305777265902685
0.52530835085096
0.5201048958011633
0.5149664096444263
0.5098919567603408
0.5048806173732511
0.4999314872292113
0.4950436772807325
0.49021631337912486
0.4854485359743803
0.4807394998220107
0.47608837369716506
0.47149434011540736
0.46695659506011655
0.4624743477164541
0.4580468202114364
0.4536732473602213
0.4493528764182999
0.4450849668394359
0.4408687900392749
0.4367036291643793
0.4325887788665187
0.42852354508229307
0.42450724481770785
0.4205392059376458
0.4166187669601018
0.41274527685519224
0.4089180948485065
0.4051365902290168
0.40140014216120434
0.3977081395014659
0.3940599806184668
0.39045507321754513
0.38689283416896414
0.3833726893399638
0.37989407343047743
0.37645642981236893
0.37305921037222123
0.36970187535751786
0.3663838932261323
0.3631047404990314
0.35986390161616044
0.3566608687953394
0.3534951418943244
0.3503662282755329
0.3472736426738434
0.34421690706701413
0.3411955505489308
0.33820910920545
0.3352571259928365
0.33233915061867525
0.32945473942522896
0.3266034552753406
0.3237848674405006
0.3209985514912743
0.31824408918994296
0.31552106838535476
0.31282908290983447
0.3101677324782339
0.3075366225889724
0.30493536442700564
0.3023635747688729
0.2998208758894726
0.2973068954707496
0.29482126651217955
0.2923636272430028
0.2899336210361747
0.28753089632399187
0.28515510651537024
0.28280590991471877
0.2804829696423665
0.278185953556503
0.27591453417670897
0.2736683886087702
0.2714471984711304
0.2692506498225802
0.2670784330913879
0.2649302430056937
0.26280577852536613
0.26070474277494515
0.2586268429778974
0.25657179039220834
0.2545393002470162
0.2525290916804347
0.2505408876786469
0.24857441501591826
0.24662940419590962
0.24470558939391773
0.24280270840019103
0.2409205025642911
0.2390587167404945
0.2372170992340925
0.23539540174874896
0.23359337933461155
0.23181079033764795
0.23004739634961646
0.22830296215902712
0.22657725570292842
0.22487004801966792
0.2231811132022754
0.22151022835284018
0.2198571735375091
0.21822173174244486
0.21660368883050374
0.21500283349852933
0.21341895723551607
0.21185185428141728
0.21030132158676618
0.20876715877275953
0.20724916809228122
0.20574715439144886
0.20426092507183347
0.20279029005324967
0.20133506173725857
0.19989505497129023
0.19847008701325974
0.19705997749693127
0.19566454839764003
0.19428362399881938
0.19291703085885759
0.1915645977786834
0.1902261557698144
0.1889015380227892
0.18759057987639582
0.1862931187871799
0.1850089942994857
0.18373804801602756
0.1824801235689304
0.18123506659122102
0.18000272468874023
0.17878294741257406
0.1775755862318571
0.17638049450707494
0.17519752746369366
0.17402654216635904
0.17286739749332303
0.17171995411133256
0.1705840744510907
0.16945962268280523
0.1683464646922519
0.16724446805731485
0.1661535020247632
0.16507343748737302
0.1640041469614666
0.16294550456480217
0.1618973859947488
0.1608596685068503
0.15983223089365495
0.15881495346397323
0.15780771802229598
0.15681040784866207
0.1558229076787504
0.154845103684345
0.153876883453976
0.15291813597400128
0.1519687516098388
0.15102862208758316
0.1500976404757739
0.1491757011675806
0.14826269986314522
0.14735853355225836
0.1464631004971878
0.14557630021589352
0.14469803346536758
0.14382820222531612
0.14296670968197922
0.14211346021231286
0.1412683593683337
0.14043131386159924
0.13960223154811002
0.138781021413246
0.13796759355706367
0.13716185917968626
0.13636373056700246
0.13557312107646613
0.1347899451232586
0.13401411816644782
0.13324555669552884
0.13248417821699165
0.13172990124124795
0.13098264526957037
0.1302423307813788
0.12950887922158683
0.1287822129882228
0.1280622554200861
0.12734893078473364
0.12664216426655495
0.1259418819549759
0.12524801083293513
0.12456047876547016
0.12387921448833805
0.12320414759706755
0.12253520853590061
0.12187232858697628
0.12121543985978522
0.12056447528055203
0.11991936858191288
0.11928005429273181
0.11864646772795961
0.11801854497872821
0.11739622290253737
0.11677943911362565
0.11616813197333553
0.11556224058078257
0.11496170476354373
0.11436646506848303
0.11377646275272901
0.11319163977484448
0.11261193878589193
0.11203730312085225
0.11146767679005254
0.11090300447068868
0.11034323149859715
0.10978830385991811
0.10923816818304799
0.10869277173063363
0.10815206239167718
0.10761598867377486
0.1070844996953425
0.1065575451782057
0.10603507543992474
0.10551704138652185
0.10500339450516816
0.104494086857014
0.10398907107009614
0.1034883003322582
0.10299172838437154
0.1024993095133987
0.10201099854574758
0.1015267508405685
0.10104652228325806
0.10057026927890345
0.10009794874600086
0.09962951811008525
0.0991649352975249
0.09870415872941884
0.09824714731546469
0.09779386044802663
0.09734425799625457
0.09689830030016777
0.09645594816501524
0.09601716285552031
0.09558190609029071
0.09515014003628863
0.09472182730338308
0.09429693093892888
0.09387541442246539
0.09345724166048863
0.09304237698118234
0.09263078512937573
0.09222243126142604
0.0918172809402853
0.09141530013054155
0.09101645519353618
0.09062071288260154
0.09022804033829046
0.08983840508365604
0.0894517750197591
0.08906811842093287
0.08868740393038466
0.08830960055569237
0.08793467766449181
0.08756260498003055
0.08719335257696714
0.08682689087710771
0.08646319064519581
0.0861022229848113
0.0857439593343764
0.08538837146298583
0.08503543146654569
0.08468511176382532
0.08433738509255673
0.08399222450563415
0.0836496033673434
0.08330949534959775
0.0829718744282818
0.08263671487961122
0.08230399127655041
0.08197367848522785
0.08164575166147969
0.08132018624733395
0.08099695796763662
0.08067604282666085
0.08035741710479483
0.0800410573551893
0.07972694040059791
0.0794150433300902
0.0791053434958906
0.07879781851026069
0.07849244624240581
0.07818920481543334
0.07788807260330466
0.07758902822786107
0.07729205055585453
0.0769971186961278
0.07670421199662791
0.0764133100416442
0.07612439264898418
0.07583743986719793
0.07555243197283135
0.07526934946776453
0.07498817307649563
0.07470888374356432
0.07443146263084022
0.07415589111511811
0.07388215078537475
0.07361022344045365
0.07334009108644435
0.07307173593430716
0.07280514039741848
0.0725402870892059
0.07227715882078489
0.0720157385985809
0.07175600962209716
0.07149795528158742
0.07124155915579566
0.07098680500983001
0.07073367679284748
0.07048215863594642
0.07023223484999852
0.06998388992359306
0.06973710852084025
0.06949187547941738
0.06924817580849185
0.06900599468664437
0.06876531745996128
0.06852612964002569
0.06828841690197429
0.06805216508258616
0.0678173601783848
0.06758398834373835
0.06735203588906857
0.06712148927895978
0.06689233513038362
0.06666456021086653
0.0664381514368112
0.06621309587167923
0.06598938072430072
0.0657669933471341
0.06554592123464653
0.06532615202160608
0.06510767348148716
0.0648904735247795
0.06467454019738939
0.0644598616791403
0.0642464262821516
0.06403422244927093
0.06382323875257156
0.0636134638918594
0.06340488669314648
0.06319749610722114
0.06299128120816833
0.0627862311918872
0.06258233537476698
0.06237958319217818
0.06217796419714894
0.06197746805900772
0.06177808456193423
0.061579803603728944
0.061382615194459755
0.061186509455111615
0.060991476616311324
0.06079750701709252
0.06060459110355698
0.06041271942775184
0.0602218826462908
0.06003207151924561
0.05984327690883828
0.059655489778435156
0.05946870119117742
0.05928290230888145
0.059098084390954986
0.05891423879320268
0.05873135696672038
0.05854943045679728
0.05836845090178955
0.058188410032110505
0.058009299669054104
0.057831111723865014
0.05765383819659098
0.057477471175118366
0.05730200283409226
0.05712742543400129
0.056953731320069645
0.05678091292138032
0.056608962749869596
0.056437873399297844
0.05626763754438002
0.056098247939878276
0.0559296974195409
0.05576197889532697
0.05559508535641822
0.055429009868345314
0.055263745572149636
0.055099285683426924
0.054935623491527585
0.05477275235867751
0.05461066571915263
0.05444935707843457
0.05428882001237334
0.05412904816642139
0.05397003525475408
0.053811775059548816
0.05365426143019003
0.053497488282424954
0.05334144959767417
0.05318613942220751
0.05303155186651698
0.0528776811044116
0.05272452137240802
0.052572066968927134
0.052420312253689705
0.052269251646850035
0.052118879628468395
0.05196919073769035
0.05182017957213236
0.05167184078717979
0.0515241690953383
0.05137715926561448
0.0512308061227702
0.051085104546723104
0.050940049471960736
0.050795635886853874
0.05065185883300549
0.05050871340477403
0.05036619474854509
0.050224298062153894
0.05008301859432507
0.04994235164405192
0.049802292560045314
0.04966283674015104
0.04952397963078059
0.04938571672638481
0.049248043568856814
0.049110955746999196
0.04897444889603042
0.04883851869696154
0.04870316087617088
0.04856837120479729
0.04843414549830827
0.04830047961591566
0.04816736946013256
0.048034810976207765
0.04790280015174142
0.04777133301607217
0.04764040563992433
0.0475100141348217
0.047380154652699846
0.04725082338541198
0.04712201656428927
0.046993730459616634
0.04686596138029664
0.0467387056733366
0.04661195972344101
0.04648571995256945
0.04635998281951359
0.04623474481942669
0.04611000248352537
0.04598575237854918
0.04586199110643807
0.04573871530391971
0.04561592164205308
0.0454936068259284
0.04537176759419492
0.045250400718705674
0.04512950300417862
0.04500907128775422
0.04488910243865385
0.044769593357842585
0.04465054097764809
0.04453194226139201
0.04441379420301972
0.04429609382678856
0.04417883818693835
0.04406202436725548
0.043945649480849336
0.04382971066974639
0.04371420510460755
0.04359912998433635
0.04348448253583159
0.04337026001363975
0.04325645969962322
0.04314307890264313
0.04303011495829778
0.04291756522861501
0.042805427101696214
0.04269369799144507
0.042582375337316014
0.04247145660395757
0.042360939281001375
0.042250820882712925
0.04214109894771856
0.04203177103879807
0.041922834742512904
0.041814287668982764
0.041706127451650366
0.04159835174694515
0.04149095823412108
0.041383944614891255
0.04127730861323875
0.04117104797513882
0.04106516046832964
0.04095964388206941
0.04085449602684055
0.040749714734174214
0.040645297856394924
0.04054124326634789
0.04043754885722228
0.040334212542307624
0.04023123225470837
0.040128605947189366
0.04002633159192881
0.0399244071803303
0.039822830722728186
0.039721600248247224
0.039620713804579766
0.03952016945773906
0.03941996529189462
0.039320099409156706
0.03922056992934697
0.039121374989819935
0.03902251274526469
0.038923981367525506
0.038825779045406406
0.03872790398443682
0.038630354406735234
0.038533128550811147
0.038436224671330343
0.038339641039034644
0.03824337594047433
0.038147427677845736
0.0380517945688309
0.0379564749464647
0.03786146715886951
0.03776676956918701
0.03767238055533717
0.03757829850986516
0.03748452183976314
0.03739104896643075
0.037297878325335154
0.03720500836596319
0.03711243755163218
0.03702016435934796
0.03692818727963787
0.036836504816435856
0.036745115486881086
0.03665401782117794
0.036563210362518306
0.03647269166681966
0.03638246030273795
0.03629251485137852
0.03620285390617917
0.036113476072895834
0.0360243799693597
0.03593556422534838
0.03584702748246449
0.035758768394042906
0.03567078562491566
0.035583077851424894
0.03549564376121328
0.03540848205309566
0.03532159143696745
0.035234970633646556
0.03514861837480954
0.03506253340279952
0.03497671447056916
0.034891160341530836
0.034805869789429345
0.034720841598290586
0.03463607456222817
0.03455156748537691
0.03446731918179091
0.03438332847530723
0.034299594199455496
0.0342161151973327
0.03413289032150979
0.034049918433974646
0.03396719840593698
0.033884729117757195
0.03380250945893837
0.03372053832789734
0.03363881463191587
0.03355733728703891
0.033476105218053775
0.033395117358258286
0.03331437264946524
0.03323387004192979
0.033153608494132625
0.03307358697281404
0.03299380445282318
0.03291425991707331
0.03283495235637901
0.03275588076943636
0.03267704416276118
0.03259844155051517
0.03252007195447304
0.03244193440395304
0.03236402793571902
0.03228635159390858
0.03220890442990565
0.032131685502347684
0.03205469387697035
0.03197792862659443
0.03190138883097671
0.031825073576815965
0.03174898195761455
0.0316731130736535
0.0315974660318592
0.031522039945778624
0.031446833935518725
0.03137184712767571
0.03129707865518516
0.03122252765736888
0.031148193279763148
0.031074074674144914
0.031000170998425447
0.030926481416545415
0.030853005098461672
0.030779741220093304
0.030706688963217155
0.030633847515401325
0.030561216069991626
0.030488793826040084
0.03041657998820102
0.03034457376672517
0.030272774377306022
0.030201181041187852
0.030129792984953996
0.030058609440550388
0.02998762964517654
0.0299168528413003
0.029846278276551286
0.02977590520364648
0.02970573288041456
0.029635760569653447
0.029565987539155514
0.02949641306162032
0.029427036414588104
0.029357856880416033
0.02928887374622191
0.029220086303826442
0.029151493849702614
0.029083095684934168
0.0290148911151894
0.02894687945062846
0.02887906000589313
0.02881143210003978
0.028743995056531912
0.028676748203142366
0.02860969087192755
0.02854282239917616
0.028476142125400505
0.02840964939529278
0.028343343557610923
0.028277223965221032
0.028211289975013987
0.028145540947882353
0.028079976248642446
0.028014595246041885
0.027949397312708957
0.027884381825058036
0.02781954816332788
0.027754895711538774
0.027690423857402502
0.02762613199231878
0.027562019511278124
0.027498085812974082
0.02743433029959519
0.02737075237691522
0.02730735145414298
0.027244126944021563
0.027181078262687453
0.02711820482966909
0.0270555060678761
0.026992981403553884
0.0269306302662099
0.026868452088635753
0.026806446306876452
0.0267446123601377
0.026682949690843172
0.026621457744507193
0.02656013596975637
0.026498983818342703
0.026438000744994472
0.026377186207518277
0.026316539666650707
0.02625606058615293
0.026195748432673138
0.026135602675780634
0.026075622787906316
0.026015808244325922
0.0259561585231447
0.0258966731052499
0.02583735147432531
0.02577819311675955
0.025719197521661075
0.025660364180810413
0.025601692588691605
0.025543182242403373
0.025484832641677446
0.02542664328879707
0.025368613688622088
0.02531074334853778
0.02525303177848981
0.02519547849085113
0.025138083000527223
0.025080844824810766
0.025023763483478456
0.024966838498675537
0.024910069394916245
0.02485345569904962
0.02479699694032178
0.024740692650260132
0.024684542362678474
0.024628545613678665
0.024572701941604547
0.02451701088698488
0.024461471992665906
0.024406084803575423
0.024350848866881325
0.024295763731851383
0.024240828949896542
0.024186044074587576
0.024131408661535847
0.024076922268446044
0.024022584455078544
0.023968394783215885
0.02391435281669163
0.023860458121317984
0.02380671026492298
0.02375310881722026
0.023699653350000238
0.023646343436852346
0.023593178653379288
0.02354015857703129
0.023487282787192365
0.023434550865038317
0.02338196239366508
0.02332951695796892
0.023277214144686198
0.023225053542308638
0.0231730347411514
0.023121157333321096
0.023069420912660954
0.023017825074758913
0.022966369416942634
0.022915053538236307
0.022863877039372316
0.022812839522727724
0.022761940592438412
0.022711179854218777
0.022660556915472085
0.022610071385203767
0.022559722874061494
0.022509510994243365
0.02245943535963768
0.022409495585644312
0.022359691289207895
0.02231002208885713
0.022260487604683465
0.022211087458263057
0.02216182127270283
0.02211268867260907
0.02206368928408564
0.022014822734723438
0.021966088653587512
0.021917486671133024
0.02186901641933925
0.02182067753160044
0.02177246964269275
0.02172439238885915
0.021676445407716516
0.021628628338251854
0.021580940820849492
0.021533382497286202
0.02148595301067091
0.0214386520054759
0.02139147912746675
