23.015630063249223
22.089419214568778
21.22211998944684
20.412293676774148
19.657116380141634
18.95303912756055
18.29624247869092
17.68291625984559
17.10941615552125
16.57234174681162
16.06856741851058
15.595246311358288
15.149799655588486
14.729898812282368
14.33344427900165
13.958544072698606
13.603492807531516
13.266752139310356
12.946932871174425
12.642778798662114
12.353152251976283
12.077021230229862
11.813447993415929
11.561578968637427
11.320635829167385
11.08990761298744
10.868743758438077
10.656547946652472
10.452772652462237
10.256914316872068
10.068509064702706
9.887128900482994
9.71237832411649
9.543891315301591
9.381328642220291
9.224375455717544
9.07273913516065
8.926147356483431
8.784346356665036
8.64709937214013
8.514185231453553
8.385397084914693
8.26054125612614
8.139436202101924
8.021911570290325
7.907807342208484
7.796973054608685
7.689267090154082
7.584556030505449
7.482714065528751
7.383622453040525
7.287169024129426
7.193247729636539
7.1017582238573755
7.012605481950102
6.925699447907609
6.84095471027973
6.7582902031234084
6.677628929916351
6.598897708398478
6.522026934509015
6.446950363767571
6.37360490860907
6.30193045032569
6.2318696643976255
6.163367858109167
6.096372819449403
6.030834676389024
5.966705765707582
5.903940510619614
5.8424953065153975
5.782328414192133
5.723399860005723
5.6656713424226695
5.6091061444958035
5.553669051827764
5.499326275622765
5.446045380459909
5.393795216451517
5.342545855477097
5.292268531208348
5.242935582663254
5.194520401047781
5.14699737966252
5.100341866668801
5.054530120524403
5.009539267913292
4.9653472640071
4.921932854907846
4.879275542132704
4.837355549011457
4.796153788876902
4.755651834936682
4.715831891723216
4.676676768025401
4.638169851212599
4.600295082867473
4.563036935649999
4.526380391320233
4.490310919852233
4.454814459575971
4.419877398288411
4.385486555278551
4.351629164215018
4.3182928568478856
4.285465647479661
4.253135918163127
4.221292404586381
4.18992418260795
4.159020655406989
4.12857154121598
4.098566861605009
4.068996930288827
4.0398523424294615
4.011123964408796
3.9828029240470917
3.95488060124481
3.927348619026311
3.9001988349653773
3.8734233329735486
3.847014415433445
3.820964595660081
3.7952665906743195
3.769913314273408
3.744897870384198
3.720213546685899
3.6958538084893457
3.6718122928608716
3.6480828029794825
3.624659302716325
3.601535911426427
3.578706898942932
3.556166680764644
3.5339098134282745
3.5119309900569964
3.490225036077548
3.4687869050984794
3.447611674942354
3.4266945438254
3.4060308266779544
3.3856159515999558
3.3654454564454452
3.345514985530758
3.3258202864611017
3.3063572070706586
3.287121692471354
3.2681097822058742
3.249317607500624
3.2307413886145007
3.2123774322796455
3.1942221292304342
3.1762719518170988
3.158523451700727
3.14097325762625
3.1236180732705137
3.106454675162287
3.0894799106716087
3.072690696065637
3.0560840146284645
3.0396569148424857
3.0234065086289528
3.0073299696454265
2.991424531638076
2.975687486846631
2.960116184460182
2.9447080291218173
2.929460479480324
2.9143710467872954
2.8994372935378925
2.884656832153717
2.870027323706293
2.855546476679653
2.841212045770702
2.8270218307259194
2.812973675213182
2.799065465727495
2.785295130529377
2.7716606386147777
2.7581599987154912
2.7447912583289362
2.7315525027763385
2.718441854288387
2.705457471117329
2.6925975466746963
2.679860308693783
2.667244018416005
2.654746969800416
2.6423674887555566
2.630103932392908
2.6179546883012943
2.60591817384146
2.593992835460271
2.5821771480237876
2.5704696141687147
2.5588687636715868
2.5473731528350805
2.535981363891043
2.5246920044195043
2.5135037067834203
2.502415127578425
2.4914249470972742
2.4805318688084426
2.4697346188485017
2.459031945527793
2.4484226188490346
2.437905430038466
2.4274791910890876
2.417142734315734
2.406894911921551
2.396734595575526
2.3866606760008398
2.3766720625735536
2.3667676829315223
2.3569464825930773
2.3472074245852412
2.3375494890812503
2.327971673047037
2.318472989896432
2.3090524691548935
2.2997091561314407
2.290442111598581
2.281250411480067
2.27213314654614
2.2630894221161584
2.2541183577683555
2.2452190870565456
2.2363907572335453
2.227632528981157
2.21894357614656
2.2103230854848683
2.2017702564077313
2.193284300737793
2.184864442468874
2.176509917531694
2.1682199735649883
2.1599938696919
2.151830876301477
2.143730274835134
2.135691357578009
2.127713427454983
2.119795797831331
2.111937792317844
2.1041387445802835
2.096397998153121
2.088714906257369
2.081088831622477
2.0735191463121154
2.0660052315537967
2.0585464775722535
2.051142283426379
2.0437920568497816
2.036495214094699
2.029251179779382
2.022059386738654
2.014919275877737
2.0078302960291485
2.000791903812673
1.9938035634982534
1.9868647468718188
1.9799749331038918
1.973133608620992
1.9663402669796641
1.959594408743165
1.9528955413606903
1.9462431790491244
1.9396368426771615
1.933076059651857
1.9265603638074746
1.9200892952965927
1.9136624004834313
1.9072792318393357
1.9009393478403322
1.8946423128668157
1.8883876971051508
1.882175076451328
1.876004032416452
1.8698741520341653
1.8637850277698749
1.8577362574317542
1.8517274440835054
1.8457581959588365
1.8398281263775975
1.8339368536635023
1.8280840010635377
1.8222691966688342
1.8164920733371248
1.8107522686166366
1.8050494246714814
1.7993831882084435
1.7937532104051623
1.788159146839681
1.7826006574213231
1.777077406322854
1.771589061913935
1.766135296695805
1.7607157872371915
1.7553302141114047
1.7499782618345967
1.744659618805171
1.7393739772442867
1.7341210331374592
1.7289004861772592
1.7237120397070027
1.7185554006655164
1.7134302795328704
1.7083363902771018
1.7032734503019074
1.6982411803952548
1.6932393046789256
1.688267550558968
1.683325648677012
1.6784133328624664
1.673530340085538
1.6686764104111214
1.6638512869534425
1.6590547158315394
1.6542864461255227
1.6495462298335628
1.6448338218296537
1.64014897982211
1.6354914643127676
1.6308610385568922
1.6262574685237758
1.6216805228580113
1.617129972841418
1.612605592355639
1.6081071578453459
1.6036344482820868
1.5991872451287354
1.5947653323045325
1.5903684961507372
1.5859965253968311
1.581649211127294
1.5773263467489296
1.5730277279587497
1.5687531527123624
1.5645024211929102
1.5602753357804897
1.5560717010221254
1.5518913236021579
1.5477340123131837
1.5435995780274492
1.5394878336686737
1.535398594184394
1.531331676518693
1.527286899585404
1.5232640842417315
1.5192630532623204
1.5152836313136908
1.5113256449291177
1.5073889224839079
1.5034732941710525
1.4995785919772784
1.4957046496594706
1.491851302721468
1.4880183883912192
1.4842057455983007
1.4804132149517897
1.476640638718461
1.472887860801352
1.4691547267186396
1.4654410835828402
1.461746780080354
1.4580716664512932
1.4544155944696417
1.4507784174237122
1.4471599900968897
1.443560168748695
1.4399788110960912
1.4364157762951273
1.4328709249228173
1.4293441189593017
1.425835221770296
1.422344098089781
1.418870614002949
1.4154146369294258
1.4119760356067332
1.4085546800739681
1.4051504416557838
1.4017631929465397
1.3983928077947365
1.3950391612876702
1.3917021297362753
1.3883815906602057
1.3850774227731966
1.3817895059685261
1.3785177213047974
1.3752619509918265
1.3720220783768253
1.368797987930723
1.365589565234695
1.3623966969669128
1.3592192708894502
1.3560571758353932
1.3529103016961241
1.3497785394088004
1.3466617809439945
1.3435599192935281
1.3404728484584472
1.3374004634371999
1.3343426602139556
1.331299335747109
1.3282703879579194
1.3252557157193239
1.3222552188449168
1.319268798078047
1.3162963550811155
1.3133377924249667
1.3103930135784654
1.3074619228982125
1.304544425618376
1.3016404278406841
1.2987498365245547
1.2958725594773473
1.2930085053447586
1.2901575836013484
1.2873197045411695
1.284494779268559
1.2816827196890446
1.2788834385003405
1.2760968491835194
1.2733228659942446
1.2705614039541775
1.2678123788424418
1.2650757071872472
1.2623513062575973
1.2596390940551216
1.2569389893059955
1.2542509114530018
1.2515747806476583
1.2489105177424726
1.2462580442832873
1.2436172825017313
1.2409881553077657
1.2383705862823369
1.2357644996700965
1.2331698203722596
1.2305864739395074
1.2280143865650193
1.2254534850775771
1.222903696934758
1.2203649502162173
1.2178371736170621
1.2153202964412908
1.2128142485953461
1.210318960581722
1.20783436349267
1.20536038900397
1.2028969693687903
1.2004440374116367
1.1980015265223327
1.1955693706501351
1.1931475042978748
1.190735862516208
1.1883343808978934
1.1859429955722016
1.1835616431993272
1.1811902609649234
1.1788287865746818
1.1764771582489746
1.174135314717569
1.171803195214419
1.1694807394724904
1.1671678877186773
1.1648645806687805
1.162570759522506
1.160286365958596
1.1580113421299472
1.155745630658828
1.1534891746321592
1.151241917596814
1.1490038035550214
1.146774776959774
1.1445547827103524
1.1423437661478342
1.1401416730507175
1.1379484496305567
1.1357640425276658
1.1335883988068758
1.1314214659533406
1.1292631918683655
1.1271135248653443
1.124972413665677
1.1228398073947903
1.1207156555781637
1.1185999081374374
1.1164925153865288
1.114393428027821
1.1123025971484117
1.1102199742163381
1.108145511076924
1.1060791599491278
1.10402087342193
1.1019706044507882
1.0999283063540943
1.0978939328097164
1.0958674378515496
1.0938487758661197
1.0918379015892106
1.0898347701025581
1.0878393368305503
1.0858515575369851
1.0838713883218627
1.0818987856182034
1.0799337061889058
1.0779761071236575
1.0760259458358505
1.074083180059562
1.0721477678465314
1.0702196675632185
1.0682988378878533
1.0663852378075447
1.0644788266154055
1.062579563907714
1.0606874095811136
1.0588023238298405
1.0569242671429728
1.0550532003017097
1.0531890843767173
1.0513318807254373
1.0494815509894968
1.0476380570920751
1.0458013612353676
1.0439714258980326
1.0421482138326712
1.0403316880633637
1.0385218118831834
1.0367185488517914
1.0349218627930072
1.0331317177924555
1.0313480781951938
1.0295709086033817
1.0278001738739933
1.0260358391165163
1.0242778696907249
1.022526231204434
1.020780889511279
1.0190418107085664
1.017308961135078
1.0155823073689676
1.0138618162256112
1.012147454755545
1.0104391902423793
1.00873699020075
1.0070408223743044
1.0053506547336786
1.0036664554745238
1.0019881930155417
1.0003158359965343
0.9986493532764935
0.9969887139316848
0.9953338872537684
0.9936848427479409
0.9920415501310789
0.990403979329927
0.9887721004792774
0.9871458839202003
0.985525300198252
0.9839103200617367
0.9823009144599653
0.980697054541557
0.979098711652715
0.9775058573355652
0.9759184633264821
0.9743365015544398
0.9727599441394001
0.9711887633906686
0.9696229318053271
0.9680624220666256
0.9665072070424373
0.9649572597836938
0.9634125535228585
0.9618730616724096
0.9603387578233351
0.9588096157436312
0.9572856093768503
0.9557667128406233
0.9542529004252204
0.9527441465921257
0.9512404259726164
0.94974171336636
0.9482479837400253
0.9467592122259126
0.9452753741205857
0.943796444883537
0.9423224001358237
0.9408532156587788
0.9393888673926872
0.9379293314354918
0.9364745840415091
0.9350246016201565
0.9335793607347073
0.9321388381010133
0.930703010586309
0.9292718552079703
0.9278453491322867
0.9264234696733049
0.9250061942915995
0.9235935005931313
0.9221853663280402
0.9207817693895411
0.9193826878127517
0.917988099773559
0.9165979835875186
0.915212317708723
0.9138310807287154
0.9124542513754043
0.9110818085119601
0.9097137311357786
0.9083499983774003
0.9069905894994701
0.9056354838957013
0.9042846610898337
0.9029381007346275
0.9015957826108513
0.9002576866262837
0.898923792814707
0.8975940813349497
0.8962685324698874
0.8949471266255055
0.8936298443299223
0.8923166662324555
0.8910075731026877
0.8897025458295311
0.8884015654202996
0.8871046129998195
0.8858116698095068
0.8845227172064873
0.883237736662698
0.8819567097640117
0.8806796182093731
0.8794064438099295
0.8781371684881756
0.8768717742771193
0.8756102433194244
0.8743525578665879
0.8730987002781191
0.8718486530207238
0.8706023986674817
0.8693599198970609
0.8681211994929225
0.8668862203425137
0.8656549654365129
0.8644274178680404
0.8632035608318924
0.86198337762379
0.8607668516396251
0.8595539663747004
0.8583447054230092
0.857139052476489
0.8559369913243012
0.8547385058521129
0.8535435800413762
0.8523521979686178
0.851164343804762
0.8499800018144033
0.8487991563551394
0.8476217918768798
0.8464478929211792
0.8452774441205491
0.8441104301978024
0.8429468359654064
0.8417866463248056
0.8406298462657849
0.8394764208658393
0.8383263552895192
0.8371796347878123
0.8360362446975051
0.8348961704405655
0.8337593975235592
0.832625911536983
0.8314956981547083
0.8303687431333586
0.8292450323117355
0.8281245516102018
0.827007287030116
0.8258932246532517
0.8247823506412267
0.8236746512349207
0.8225701127539291
0.8214687215959886
0.8203704642364329
0.8192753272276407
0.8181832971984843
0.8170943608537906
0.8160085049738186
0.8149257164137048
0.8138459821029582
0.8127692890449275
0.8116956243162747
0.810624975066479
0.8095573285173124
0.8084926719623502
0.8074309927664476
0.8063722783652636
0.8053165162647554
0.8042636940406954
0.8032137993381903
0.8021668198711837
0.8011227434220014
0.8000815578408693
0.7990432510454384
0.798007811020334
0.7969752258166731
0.7959454835516253
0.7949185724079619
0.7938944806335912
0.7928731965411187
0.7918547085074101
0.7908390049731427
0.7898260744423783
0.7888159054821254
0.7878084867219179
0.7868038068533862
0.7858018546298311
0.7848026188658188
0.7838060884367466
0.7828122522784545
0.7818210993867996
0.7808326188172636
0.7798467996845501
0.7788636311621685
0.7778831024820657
0.776905202934214
0.7759299218662403
0.7749572486830173
0.7739871728463111
0.7730196838743713
0.7720547713415777
0.7710924248780556
0.7701326341693018
0.7691753889558355
0.7682206790328103
0.7672684942496744
0.7663188245097943
0.7653716597701072
0.7644269900407681
0.7634848053847966
0.7625450959177305
0.7616078518072839
0.7606730632729986
0.7597407205859116
0.7588108140682142
0.7578833340929151
0.7569582710835225
0.756035615513689
0.7551153579069162
0.7541974888362064
0.7532819989237564
0.7523688788406273
0.7514581193064331
0.7505497110890328
0.749643645004219
0.7487399119153848
0.7478385027332478
0.7469394084155343
0.7460426199666651
0.7451481284374764
0.7442559249249103
0.743366000571718
0.7424783465661815
0.7415929541418002
0.740709814577019
0.7398289191949355
0.7389502593630229
0.7380738264928355
0.7371996120397446
0.7363276075026467
0.7354578044236982
0.7345901943880375
0.7337247690235056
0.7328615200003972
0.7320004390311675
0.731141517870193
0.730284748313487
0.7294301221984513
0.7285776314036065
0.727727267848349
0.7268790234926825
0.7260328903369628
0.7251888604216568
0.7243469258270906
0.7235070786731963
0.7226693111192676
0.7218336153637107
0.7209999836438158
0.7201684082355035
0.7193388814530899
0.7185113956490481
0.7176859432137777
0.7168625165753636
0.7160411081993492
0.7152217105885055
0.7144043162826046
0.7135889178581805
0.7127755079283262
0.711964079142447
0.7111546241860565
0.7103471357805445
0.7095416066829572
0.7087380296857956
0.7079363976167841
0.7071367033386602
0.7063389397489688
0.7055430997798462
0.7047491763978
0.7039571626035211
0.7031670514316686
0.7023788359506649
0.7015925092624906
0.7008080645024741
0.7000254948391154
0.6992447934738695
0.6984659536409463
0.6976889686071229
0.6969138316715497
0.6961405361655492
0.6953690754524204
0.6945994429272649
0.6938316320167908
0.6930656361791151
0.6923014489035846
0.6915390637106
0.6907784741514059
0.6900196738079327
0.6892626562926095
0.688507415248178
0.6877539443475145
0.6870022372934586
0.6862522878186315
0.685504089685263
0.6847576366850237
0.6840129226388234
0.6832699413966897
0.6825286868375516
0.6817891528690951
0.6810513334275895
0.680315222477719
0.6795808140124204
0.6788481020527106
0.6781170806475393
0.677387743873609
0.6766600858352212
0.6759341006641254
0.6752097825193384
0.6744871255870188
0.6737661240802832
0.673046772239053
0.6723290643299182
0.6716129946459626
0.67089855750663
0.6701857472575636
0.6694745582704461
0.6687649849428765
0.6680570216981879
0.6673506629853375
0.6666459032787254
0.6659427370780748
0.6652411589082802
0.6645411633192533
0.6638427448857971
0.6631458982074563
0.6624506179083809
0.6617568986371796
0.6610647350667856
0.6603741218943294
0.6596850538409811
0.6589975256518281
0.6583115320957407
0.6576270679652382
0.6569441280763502
0.6562627072684845
0.6555828004043104
0.6549044023696104
0.6542275080731617
0.6535521124465915
0.652878210444279
0.652205797043204
0.6515348672428313
0.6508654160649703
0.650197438553681
0.6495309297751202
0.6488658848174365
0.648202298790645
0.6475401668265001
0.6468794840783777
0.6462202457211659
0.6455624469511261
0.6449060829858039
0.6442511490638776
0.6435976404450716
0.6429455524100245
0.6422948802601738
0.6416456193176593
0.6409977649251835
0.6403513124459225
0.6397062572634049
0.6390625947813842
0.638420320423762
0.6377794296344564
0.63713991787729
0.6365017806358986
0.6358650134136119
0.6352296117333455
0.6345955711375014
0.6339628871878547
0.6333315554654549
0.6327015715705269
0.6320729311223516
0.6314456297591778
0.6308196631381144
0.6301950269350242
0.6295717168444415
0.6289497285794404
0.6283290578715719
0.6277097004707325
0.6270916521450861
0.6264749086809609
0.6258594658827541
0.62524531957283
0.6246324655914272
0.6240208997965685
0.623410618063957
0.6228016162868882
0.6221938903761608
0.6215874362599673
0.6209822498838262
0.6203783272104685
0.6197756642197613
0.6191742569086035
0.6185741012908481
0.6179751933972155
0.6173775292751911
0.6167811049889497
0.6161859166192544
0.6155919602633856
0.6149992320350399
0.6144077280642616
0.613817444497325
0.6132283774966938
0.6126405232409007
0.6120538779244812
0.6114684377578872
0.6108841989673987
0.6103011577950472
0.6097193104985297
0.6091386533511354
0.6085591826416503
0.6079808946743009
0.6074037857686465
0.606827852259512
0.6062530904969208
0.605679496845997
0.6051070676869019
0.6045357994147517
0.6039656884395276
0.6033967311860304
0.6028289240937745
0.602262263616917
0.6016967462242115
0.601132368398894
0.6005691266386306
0.6000070174554406
0.5994460373756187
0.5988861829396782
0.5983274507022497
0.5977698372320428
0.5972133391117429
0.596657952937963
0.5961036753211628
0.5955505028855839
0.5949984322691731
0.5944474601235241
0.5938975831137929
0.5933487979186433
0.5928011012301786
0.5922544897538605
0.5917089602084533
0.5911645093259525
0.5906211338515316
0.5900788305434446
0.5895375961730002
0.5889974275244649
0.5884583213950145
0.5879202745946579
0.5873832839461959
0.5868473462851306
0.5863124584596084
0.5857786173303712
0.5852458197706859
0.5847140626662811
0.5841833429152741
0.5836536574281324
0.5831250031275962
0.5825973769486207
0.5820707758383163
0.5815451967558956
0.5810206366726044
0.5804970925716653
0.5799745614482208
