42.70704156904461
39.50837397952719
37.12352007224625
34.925089098768005
33.09818625551854
31.157763312923812
29.659281827301772
28.391394113055913
26.832908729200724
25.93203657469838
25.14930206840493
24.349808977188015
23.89833427455715
23.342176126291246
22.730279589932252
21.68453500398278
21.957072429628035
21.476944185403244
20.892757873273236
20.370486225167866
20.056253339253274
19.952802000200393
19.591387187263212
19.302822883907265
18.856365336937717
18.90025501602818
18.43794344124459
18.552647960524265
18.14864072914004
17.942237166609633
17.73777577283936
17.617224025785887
17.116601758438286
17.29463904393974
16.829781850079478
16.986244339001054
16.709966468247273
16.548767866011485
16.075522080777198
16.330850173016202
15.985095730911167
15.884597628890559
15.696648008128449
15.297263183907257
15.702755873669043
15.340898357050099
15.193641719531294
14.8680485334324
15.071889114043652
14.875887840018727
14.771507918446359
14.617416487293863
14.607833060591648
14.339938989301018
14.395911134376318
14.134502838596665
14.04242537149177
13.723698408414784
13.704446645131258
13.795493032447077
13.309469964766146
13.662480369138608
13.402243043685031
13.29388352378545
13.14591981872565
13.132974861732125
13.123965718358304
13.127553810776023
12.922194063927076
12.77188764308635
12.742186114315286
12.74538805223231
12.559378834139618
12.32386842619658
12.56608657909957
12.370508243018763
12.278632156829762
12.134702551003706
12.125044019666358
12.087917482781263
11.652227553512603
12.028720613349876
11.939329634451887
11.789296644915611
11.75750992222371
11.540601391191993
11.631736120646147
11.537519988319639
11.49890110781485
11.468677013479251
11.205916786813534
11.357897634017228
11.221373389599385
10.850165875820627
11.197978149512236
11.02866561821376
10.96620186361104
10.96222107030024
10.854098637127468
10.786693169753896
10.798509425289991
10.69349833664137
10.648099958606533
10.624646931166088
10.532476342141207
10.500232434411021
10.402386572064957
10.466180410915944
10.217619204280679
10.236899671371658
10.18952753296696
10.044943888574878
10.287103893426677
10.145198672250219
10.02072392711815
10.061509794340814
9.959975355735418
9.92663230408259
9.584798516686877
9.904306109645985
9.750065859731423
9.699257073446525
9.557652747891025
9.446665158755938
9.729474314134725
9.460014719559707
9.527560517551619
9.465911540704349
9.422057313067176
9.364201139935698
9.392642026415883
9.142053667984081
9.22309432177783
9.280071932597865
9.033130307394666
9.272408082301748
9.13692161062115
9.110002612414075
8.92149441261184
9.07007175603045
8.898579146429064
8.970601640665508
8.836301330958417
8.890389404172499
8.879245053959012
8.702322517025815
8.892004987089912
8.770954303816431
8.569360462759564
8.521619659526957
8.598348559373392
8.675378308166064
8.595046252915004
8.568117934688404
8.450175013223859
8.330020069018584
8.542276737453852
8.334892214962913
8.26131639510809
8.425296867463882
8.226088332784997
8.255072907846285
8.13831430336324
8.313124160039155
8.140078307572777
8.2356679125846
8.179079399368044
8.094727347030386
8.098546216930973
8.03120010740937
7.979147387324714
8.020111523813073
8.020417446501126
7.615936839412617
8.109059580800059
7.875322144669208
7.906722243132262
7.7898818553802185
7.868582401163912
7.464424880234232
7.921614338610267
7.73677025598433
7.795050798629826
7.748562747453874
7.646868862476082
7.706205150501563
7.593295283074266
7.673794763415933
7.638822113700964
7.475603939124586
7.57152007640193
7.536978978464781
7.465390529896825
7.539317371721024
7.45557363616521
7.442645854837588
7.446162072957268
7.226246434080616
7.475057310431873
7.230362080452685
7.310134322327562
7.2945698884106465
7.326025806705517
7.303746683594336
7.114164658839211
7.325624173657392
7.234515781780923
7.192697347143757
7.179370042771743
7.192693820367411
7.121987409072825
7.015766083279472
7.187139268803605
7.108519321079158
7.024912503015572
7.026436001165721
7.07805401140123
7.056380805054631
6.9847754106337545
6.931034118916904
7.00866248569258
6.8605927278701655
6.903475375152277
6.915139020131682
6.7357157486043535
6.986002753323566
6.834722983636106
6.763644048690143
6.739057799953423
6.843529683534129
6.721218094007862
6.662568161032033
6.832699620253856
6.766679542564218
6.714252539983823
6.678794302180946
6.715723028269818
6.713769462075573
6.678204270374433
6.658480119448318
6.566126860207553
6.689667550457995
6.597464975940627
6.602381641548246
6.600792907268651
6.566242649737318
6.503701606376085
6.6257334176651295
6.554264607608643
6.470276870431797
6.429858328104953
6.45772482303441
6.258863476787942
6.418378217106133
6.453188571801669
6.409644835765654
6.4046166849987
6.402771784370539
6.437685923342041
6.357423557385058
6.302165738527328
6.358875460674982
6.341994485396692
6.278325541633247
6.26548064377126
6.301031042431418
6.225577739644145
6.2439155674761455
6.277001587195655
6.266754043321527
6.2046756389901265
6.2578141959293445
6.208883580990998
6.028548392363604
6.229516719444817
6.162631384723974
6.156105959422132
6.1707050213975565
6.054214393055255
6.172091481500748
5.8402580598058
6.311082167351159
6.09892847195427
6.059472947859527
6.095014578151275
6.052545653052271
5.98247421559004
5.929919276812791
6.0479497794706525
5.916107504642221
6.04732437044691
5.8846256774216315
6.009042129444665
5.896872462756464
6.012901445226388
5.93153374089265
5.931320231939253
5.972361273929886
5.897927309560399
5.882838517641329
5.904371197866191
5.874809985497116
5.867672095739467
5.854504209127422
5.873515028730329
5.713775320271788
5.85302247643801
5.7980326620565314
5.810213848633433
5.821631604512886
5.7859107429018595
5.796411389467207
5.734080682769808
5.823008597437472
5.753929537587243
5.777119626555037
5.7657707917357115
5.7276063239546735
5.756951851675331
5.694272662122676
5.688911943677933
5.720167353463022
5.700518375245107
5.7513009862995785
5.686137900278244
5.639634310129912
5.6391371681695714
5.660402693672674
5.621667816147223
5.644932095850279
5.564580768731659
5.61320840587348
5.549316637942642
5.60176338759065
5.552240021285888
5.580153000402157
5.598109874038131
5.548349261122363
5.543925436517909
5.525630591642
5.512572320389977
5.560164984084598
5.533078358125376
5.528471731780164
5.412736977262054
5.549966417469306
5.409409362178886
5.563870188308708
5.4765716339012185
5.471459467250037
5.160941298098655
5.408300356887235
5.381216995451654
5.4907405581265545
5.419983779140312
5.433020492480428
5.444844966036249
5.325912380109584
5.356912803527693
5.463635278072751
5.3919643448594625
5.2333387570027945
5.389777260349073
5.396978705698793
5.332306791962463
5.409359101666123
5.359486083652706
5.354221386453874
5.3404095546385815
5.372574590994968
5.334666511344682
5.331190808856475
5.257223195281288
5.260117372053803
5.3396254214551
5.27839810540209
5.292475169615891
5.252737291370849
5.281340580332355
5.272607453710972
5.237544309286604
5.246972475836977
5.222806874737332
5.164293221103083
5.252610460644832
5.1588369165444075
5.240325797598521
5.18665705798644
5.230041745340505
5.226448667789346
5.211375577023388
5.139971903390289
5.208504874130249
5.151784562780325
5.145799988038577
5.1724319394405205
5.146348751239084
5.056669190204984
5.140540529410407
5.0975580505471
5.073893059754836
5.129028711849249
5.125986702854164
5.1386783617538425
5.064571692799559
5.122918278255439
5.102047292934295
5.091688249559283
5.0619507928406
5.0894011310678735
5.036167774102973
4.994520065944491
5.124489629821687
5.0211517388387215
5.035541350380211
5.026796127022342
5.055857703864062
5.061735235614906
4.980123567035493
4.995327044614045
5.006330616949271
5.032816216173377
5.017146233082589
4.82344231019468
5.015740900058763
5.010415439229766
4.975094949896428
5.001179323920801
5.0244611087782935
4.974785373973841
4.980599239913523
4.935269917951941
4.958015016637661
4.96329188891872
4.9028551893146615
4.950052362185544
4.897960089659414
4.92041634822028
4.947340234975699
4.952686894795433
4.945192959634429
4.929979549229839
4.899387524254964
4.952866013424811
4.909761328777099
4.89614347012068
4.868966007476957
4.859953091222326
4.7453084817321995
4.916532243400344
4.883256491972036
4.827449645202067
4.8681502046084315
4.852213377488307
4.884105422778707
4.853241788205141
4.8255203456850655
4.8096217130458445
4.857332227770593
4.807538323714461
4.830161213814072
4.813069112559107
4.785150435383837
4.836137794398991
4.802660459569792
4.8364915725819255
4.811346677849807
4.699269572466429
4.808986256647879
4.70154056325013
4.786350309296669
4.754938678197364
4.757454410405294
4.741527992277813
4.785952413129553
4.707051855263177
4.782439161497133
4.7667662822650145
4.7769905005009425
4.706113677795775
4.759941442549901
4.680605988955751
4.737857236269439
4.7789375086598636
4.763607601117759
4.7280970476000554
4.695984344379828
4.699430189992595
4.688756701270061
4.656339240796932
4.693868767707255
4.714466276308677
4.7178854976944455
4.7343201951282525
4.653824007626367
4.708145351755203
4.702289874057493
4.69490329357674
4.716071852130024
4.689485466553228
4.711199275558898
4.660349921782115
4.670726027145579
4.546299418427703
4.633676757881966
4.663617005274283
4.6568241378383854
4.635466682371261
4.632178891895556
4.446586352994224
4.69610104675276
4.557010968655861
4.6379909948198845
4.599998115461417
4.578634708898194
4.545410935861071
4.6579672613320735
4.628922967981547
4.601045275424964
4.576650391583592
4.610985613383686
4.5956225766557735
4.597917953460353
4.614606506433291
4.5511481728262115
4.600008585495188
4.570557899042456
4.511522865518903
4.596988953821443
4.607964016314105
4.594885487477459
4.5337055479613655
4.459382099347068
4.579425517331308
4.507639782205386
4.567072605206704
4.579951324720035
4.532387776754566
4.548544350121874
4.535331949155964
4.541697906287963
4.5262761432083884
4.463080875740822
4.522606776685667
4.486491683988583
4.481262005356482
4.538736614530709
4.502383671650622
4.512600004349544
4.514212425618103
4.398951975012665
4.536600310193432
4.511114730064439
4.4923015116159695
4.450141474049676
4.54047400384166
4.39928026046585
4.483524244622672
4.426614124897276
4.5108024550641845
4.482369648035457
4.435804239137139
4.418276612424503
4.481582622643837
4.361785686895008
4.480920986877595
4.426163469289774
4.45153871635421
4.448544899183762
4.453468782430138
4.471951799263072
4.246930639312234
4.417591642004662
4.273082474327423
4.47781080205758
4.416164152027737
4.403954126584149
4.436912904728925
4.419122305222209
4.440531896292555
4.369955690983992
4.335386045620824
4.441977109737179
4.4371068004165
4.391512722000389
4.37738592313249
4.377223870600042
4.419554357172351
4.382445663679923
4.405138669050828
4.325432049129273
4.412820534500375
4.343849431735273
4.39282014958113
4.3493617722891695
4.375660005070757
4.392678572731252
4.357756728454372
4.319563509571901
4.393537190572707
4.38313407270894
4.37447285692136
4.332465545836081
4.378563115014241
4.351100182757285
4.339535315518318
4.278685890156399
4.358305126350501
4.3238538700817335
4.272877216836782
4.329791571947032
4.296280543319151
4.292481409419291
4.299030527563965
4.279708993103424
4.333577044263897
4.320158747428696
4.319215207794609
4.305038906098174
4.3239169909217186
4.255243312645517
4.30286208575383
4.30993663262452
4.304185181602288
4.333548972660997
4.246534585165301
4.316901146807911
4.298923310581845
4.264238100133309
4.25793591490356
4.271306655950635
4.27106000669935
4.283400822985658
4.280559522247252
4.1938824824257
4.2657891435248105
4.272486895828272
4.245626243877774
4.2845144252871
4.2885926577352365
4.270609301848605
4.300261906445743
4.2427498568143704
4.205827691880447
4.258358302864048
4.172864662817546
4.253363309745645
4.246730188335446
4.218533091433823
4.216826997298828
4.271154584547536
4.224542082469661
4.272231284059353
4.226406114982013
4.19386667918484
4.254226819963806
4.211985335705288
4.248161673944791
4.194994149554613
4.195742026388202
4.243954871293889
4.074049455695383
4.192802823832378
4.178830966547187
4.234785943604402
4.200781273402202
4.237816374105849
4.230310383930972
4.198422274452476
4.195193797485063
4.199135603118213
4.163164960556205
4.127610746143396
4.204113921883362
4.167229623717369
4.123325273641782
4.1912271363903715
4.107310915505514
4.237136745681319
4.2061785817547435
4.169494998196484
4.18150081973027
4.180468141002009
4.125377660118383
4.184765399654445
4.140997547394464
4.161229084280299
4.137191438027553
4.116487178606314
4.156259529027707
4.144742086005721
4.10321919535655
4.123595618097134
4.106316631528883
4.164841671564639
4.175497216997393
4.155389659421678
4.137626964689481
4.146796807358692
4.163404556681858
4.128478799920618
4.147202545737863
4.1464280661653605
4.134684648364141
4.038573991739
4.132246212414537
4.046402907480709
4.090546977036196
4.1603213070372185
4.023260760469515
4.136019589157419
4.099477715941186
4.1231300833749165
3.971007245995415
4.145377431917916
4.071375521997937
4.111513017491745
4.09354937484079
4.115340866240125
4.087735214103904
4.064817491534421
4.1243598139319335
4.0340180315532725
3.9577146414291478
4.117110612178971
4.032953111339228
4.090866037214004
4.062661330430115
4.0930044826219465
4.084001215727501
4.086429351518108
4.021019007896386
4.086194134359451
4.012452916530795
4.013404944356728
3.9853171584093094
4.052237971161295
3.911638171452773
4.100897319753131
4.08675109596436
4.067180212045929
4.04997537092751
4.0040660078814465
4.087005061523942
4.068976659672006
4.087878518755618
3.8908275140192625
4.00461063428623
3.968549721190178
4.072364539121843
4.049558298592119
4.043581949661744
4.018764746851107
4.031894856794777
4.072369501141274
4.017066152535387
4.019264705404506
4.019261734836455
4.008780097697975
3.868396070144518
4.071026043166365
4.0420218486147705
4.036918124120756
4.0457622902341495
4.046515321958667
4.0419853417536205
4.0212606337445935
4.002599680910521
4.027019742774698
4.0260763702532145
4.030545924382475
4.0188858471264135
4.014445457844755
3.996201463726673
3.950384301945489
4.00645105659877
4.012592195578965
3.9934576805309767
3.9384658878128995
4.012881547596093
3.962775991119715
4.024926305872004
3.9898652537871904
4.01674091617603
3.9953753028585375
4.010240293016535
3.8686828532177002
4.027064676195324
3.9382960018459854
4.003542230980515
3.950109280032355
3.914609627813086
4.009511179729578
3.92467615466999
3.9981800969468146
3.856351799295708
3.9557871264376385
3.965702494221331
3.9686618287949327
3.9476428633889213
3.9962108020107374
3.9544428880168137
3.8952221955622592
3.9115386361704405
3.942313922421778
3.9183419437756837
3.9408139600289607
3.967937574630449
3.9383617772222124
3.962111690085637
3.9307681202663987
3.955581473588554
3.885974870834014
3.9496649930219747
3.9447796472942973
3.95466826889534
3.9176058755751533
3.9374185999595963
3.843354769144727
3.896804837498869
3.9744541946102316
3.9442103058551745
3.9503022317792893
3.9288378960834285
3.910755300458954
3.946780264342208
3.9036227065397857
3.9595836325077043
3.9148472567069224
3.9217094080544515
3.931079155036859
3.902575608688545
3.8928310317916135
3.8987703802500286
3.8946458488663778
3.9209937330315294
3.8956987987816514
3.9271326512395928
3.937322406635458
3.935751696665596
3.9160372837578765
3.9277722924906486
3.9387519058958267
3.9003286777934414
3.937378384104297
3.8622980199496264
3.874366344135502
3.873391801319861
3.8997224117028213
3.928492207139643
3.8051685070880836
3.862485403716661
3.9036408067994324
3.9070914677991992
3.917573819251218
3.8848425018494046
3.8944998000794744
3.8833634984124115
3.883749028439701
3.9051570511717815
3.8922227395284783
3.8871673346941185
3.8078102864495587
3.769696556478844
3.889511543172108
3.879207165823029
3.8032101498658935
3.855787900931007
3.8871606538724675
3.9018466237763203
3.8318034247580774
3.8410111057825405
3.894401453471966
3.8316925247780187
3.9221104342369766
3.8934034525562957
3.868301627648906
3.874825531356643
3.827891742033671
3.8610452415860523
3.8509480481633807
3.8680002837315586
3.8485195855996475
3.839889939273117
3.804826815170196
3.7886389005345116
3.8735367086131416
3.671084876182548
3.8307406031476106
3.894709045911224
3.829955482126804
3.817350048511709
3.854110049719235
3.823849400486224
3.841343125798553
3.839771464423044
3.8544464554562925
3.815664646379351
3.8758087529818757
3.761234580961242
3.871397998754722
3.853533859959792
3.8342967880111942
3.8138129812309844
3.843154725202472
3.857581587829993
3.805374515922421
3.7531428864929417
3.848153023936985
3.8262756585335747
3.786361756799326
3.853276974221481
3.825909679414326
3.76009851515324
3.841708439178953
3.8429971357189587
3.7469296163185013
3.8388927054836364
3.7778933709492644
3.7985747114009585
3.814556602139563
3.775940691305322
3.827183429674854
3.755825442462097
3.7833321004313922
3.8199593653532182
3.781210836970713
3.8052595760012955
3.8231190487027535
3.7311438899356766
3.8151688309946126
3.774827484380146
3.8302657826462507
3.8015212124245727
3.79487624188306
3.8235566402138126
3.8032108670435987
3.7892961864891332
3.7783367729441566
3.774774853090759
3.8017432522565686
3.6986414975205175
3.8084164225137878
3.773865434519279
3.764148137102873
3.787780458560891
3.807643363254479
3.7894181611197526
3.7580841070275013
3.750380493775603
3.7636553235372623
3.763833390006878
3.757348827942282
3.7836997129286294
3.738222828802362
3.7482029040208507
3.7387699029509776
3.7494191723760237
3.778426350508439
3.7629551474284217
3.772274106283614
3.7869714962579657
3.788404636407916
3.743531316202771
3.7670167359675193
3.7642906074003246
3.758044615581852
3.7642516090437854
3.707427801659881
3.796017145015679
3.7418098230837864
3.754199796603716
3.682899344716213
3.7815677828427154
3.728981972161059
3.6845589219456385
3.7772072185480376
3.7680242681456524
3.77381623262188
3.6975163942451124
3.741233521676775
3.704297408542474
3.738362687933819
3.718967606919936
3.7423908813526654
3.7246638003174843
3.735264273260912
3.758933627462348
3.750305338349563
3.692284209466546
3.7440340097691016
3.708845767133427
3.732334580611432
3.7502879510678833
3.7272630060981182
3.7012251516633254
3.6302784957667065
3.699754937719044
3.749426670140808
3.7512351010770186
