656.434989987777
648.0350483013501
645.9464225482322
642.462096464692
638.4473386264057
635.1405484059795
631.306976992454
627.1615565796012
623.9264216682633
620.3253169146694
616.1722701519193
612.3339932971888
609.0372763353374
605.7476339260113
600.8487431757351
598.3848438307372
594.7194693337426
591.1397221402764
587.8040276954665
583.1604145118068
578.244611309674
575.866808180906
572.4385111397175
567.1297363457243
563.5766222850283
560.7703952319735
556.8539862746522
553.7749111142753
549.5014942630017
546.8221004151784
542.8074979937245
538.0966248789275
534.4550367776329
531.9972674697132
529.1721048464151
524.3969776180314
521.5078682266413
517.1582703386968
514.1144813638796
510.1637299190499
506.69130949004557
503.4287755577369
498.78064501059447
496.9631207682124
492.0298829795989
489.743018110137
485.9967200005565
482.028757498517
478.8956857107209
476.3182143460644
473.4248459596522
468.82933126125243
467.33142068599113
463.6139089680269
459.7341201477255
458.35740038268756
454.64657583380404
450.8832071288215
448.43607491219325
444.9291779044492
442.6424704536943
438.3084548747368
436.7337753612616
432.7341333953168
431.28331655599095
427.2733682510948
425.64082897678765
422.26213211867713
418.9565796982117
416.457249571745
414.11463552293327
411.45292261016067
408.3073779750285
407.16359069795385
402.985516659218
401.708120172153
399.05359256127787
396.9054133378509
394.235513944713
390.3811270144159
390.3573033892543
385.8710574044375
383.0731365917215
381.944242776801
379.737188489039
376.4782443455514
376.10533210791107
373.5975385818507
370.13480686890324
368.6660425570297
367.3380759641695
364.3298379374905
363.2269481534036
359.52315051858767
358.23287155602895
355.3411780077281
354.0618765618618
352.8417396734312
350.0496304839494
348.0933275028214
346.3925079226387
344.74805658438
343.3362297060584
342.1325639991832
339.76139162714776
337.8596285757546
335.46831143763376
334.2320782529975
332.8095776198093
330.6716552558127
329.16281946752264
328.8643755563833
325.635765348955
324.3106699691072
323.5824184655208
320.8716847708157
320.16828679338954
319.3125469499792
315.4160380524582
314.34986038738623
313.5259076989743
313.0760793654039
311.4368042341712
309.4485398265286
307.5405962253347
304.4710144377107
305.72714827237206
303.7127158973356
301.2184040560175
300.2153481219481
299.5865932120495
298.4792377316264
296.74480738443907
295.58189798826396
294.6785763745183
292.8188883674476
292.559630674137
291.0081663516877
289.6676815844902
288.30040803454517
287.1698337978437
285.89442006853534
284.2749481939955
282.73805105101576
282.43926069968757
280.6785438889341
280.90141270552056
279.68514035826877
277.7823227334952
277.1442163724946
275.6853170683895
275.42252786091774
272.0868629831422
272.23625200972873
271.6963704588165
269.895615194936
269.81450220331067
268.8079078522019
267.6553525260596
267.1255051147292
265.2646203615946
264.13129707548853
262.43037020242093
262.2393429055649
261.4252060413283
260.7860492943168
259.76028933397254
258.8104659357961
258.26646109417413
256.894292786572
256.32496248132526
255.7901676546664
253.86219454161204
254.2629288500414
252.75610876723508
252.5979563032174
251.07236871179373
250.21168959427646
249.33480643371797
248.80087080715572
247.27469350893543
246.56185221026527
246.8645180680333
245.04662643602404
245.01558757943252
243.46653582628235
242.90001892101094
242.29860086934954
241.70617520835833
241.2926547561878
240.06442066406495
239.61191444401544
238.4004839807989
238.9618201774239
236.70551811275536
236.48061716280463
236.06882986042226
234.9155435008284
234.62660909808486
233.68657811965258
233.1058010018136
232.74211676318012
232.17539374613014
231.85098347144415
230.59349718322844
229.89535714807585
228.50399309253234
229.02415498744773
227.93904434074238
227.2232201809042
226.61793606176062
226.72439761895222
226.40603673087853
224.91880931957675
224.70563346622274
223.87210638164956
223.71428638291084
221.66974835911125
222.23797372243854
221.54461000993422
220.10157602273006
221.13164645753304
219.48586307823248
219.24709514917058
217.14371213626137
217.39600781972973
218.754675436768
216.72176829851338
216.7434440776949
215.4088811494719
215.47568543986483
215.33457218640172
213.82396872674659
215.0140847986802
213.80192930194718
213.4076240203918
212.84720279234207
211.4109109140987
210.01796708578618
211.20030984051488
209.331418521341
211.0295296366851
210.24896574653602
209.842071365269
209.3795835453149
207.69469290194365
208.76893587021226
207.5441213454103
206.64088181388442
206.63807764965688
205.65529461037028
204.62330569803532
205.57484366198113
205.0609396347504
203.70418773442927
204.11600623894768
203.21314399730886
202.6520156584338
202.65824886508415
202.2974013116129
201.78378706136414
201.17361058861192
200.1653844397545
200.83055912822476
200.08581932200372
199.19641553389138
199.52022549530696
199.73053994499017
197.9647216321834
198.32428497537396
197.6218987075375
197.95080757674924
197.58491938309984
194.8806534654007
196.37148262330413
196.0769389120652
195.90143101584053
195.37993657071343
194.62695147276762
194.22154470222995
193.55102202870128
193.45014427935055
193.1272905532889
193.2390861265578
191.4962627352208
192.26046007011092
191.77874543287714
191.41799111518597
191.2678674222628
190.72587464268938
190.7106797028062
190.2185862455257
189.69450291852877
189.10679640893147
189.17403061267356
189.03223861926386
187.48312985925213
188.9403887639502
187.36649977501588
187.85653068593726
